car_title,mileage,body,extcol,intcol,fuecon,engine,ftype,trans,dtype,doors
Used 2012 Honda Fit Sport,"68,255",Hatchback,Milano Red,Black,City 27/Hwy 33/Comb 30 MPG,4-Cylinder,Gasoline,5-Speed Automatic,2 wheel drive - front,Four Door
Used 2016 Honda Civic LX Sedan,"18,943",Sedan,Rallye Red,,City 31/Hwy 41/Comb 35 MPG,4-Cylinder,Gasoline,Continuously Variable Automatic,2 wheel drive - front,Four Door
Certified 2017 Honda Accord Sport Sedan,"25,804",Sedan,Blue,Other,City 26/Hwy 34/Comb 29 MPG,4-Cylinder,Gasoline,Continuously Variable Automatic,2 wheel drive - front,Four Door
Certified 2017 Honda Fit LX,"9,085",Hatchback,Milano Red,Black,City 33/Hwy 40/Comb 36 MPG,4-Cylinder,Gasoline,Continuously Variable Automatic,2 wheel drive - front,Four Door
Certified 2016 Honda Fit EX,"25,897",Hatchback,White Orchid Pearl,Black,City 32/Hwy 38/Comb 35 MPG,4-Cylinder,Gasoline,Continuously Variable Automatic,2 wheel drive - front,Four Door
Certified 2015 Honda Civic EX-L Sedan,"38,078",Sedan,White Orchid Pearl,Black,City 30/Hwy 39/Comb 33 MPG,4-Cylinder,Gasoline,Continuously Variable Automatic,2 wheel drive - front,Four Door
Used 2014 Honda Accord Sport Sedan,"85,809",Sedan,Hematite Metallic,Black,City 26/Hwy 34/Comb 29 MPG,4-Cylinder,Gasoline,Continuously Variable Automatic,2 wheel drive - front,Four Door
Used 2016 Honda Accord LX Sedan,"5,726",Sedan,White,Tan,City 27/Hwy 37/Comb 31 MPG,4-Cylinder,Gasoline,Continuously Variable Automatic,2 wheel drive - front,Four Door
Used 2018 Honda Civic LX Sedan,"8,336",Sedan,Red,Tan,City 31/Hwy 40/Comb 34 MPG,4-Cylinder,Gasoline,Continuously Variable Automatic,2 wheel drive - front,Four Door
Certified 2018 Honda Fit Sport,"4,400",Hatchback,Black,Black,City 33/Hwy 40/Comb 36 MPG,4-Cylinder,Gasoline,Continuously Variable Automatic,2 wheel drive - front,Four Door
Used 2019 Honda CR-V AWD EX-L,350,Sport Utility,,,City 27/Hwy 33/Comb 29 MPG,4-Cylinder Turbo,Gasoline,Continuously Variable Automatic,All wheel drive,Four Door
Used 2019 Honda Accord Touring Hybrid,"5,023",Sedan,Platinum White Pearl,Black,Gas - City 48/Hwy 48/Comb 48 MPG,4-Cylinder,Hybrid Gas/Electric,Continuously Variable Automatic,2 wheel drive - front,Four Door
Used 2008 Honda Civic LX Sedan,"110,611",Sedan,Nighthawk Black Pearl,Gray,City 25/Hwy 36/Comb 29 MPG,4-Cylinder,Gasoline,5-Speed Automatic,2 wheel drive - front,Four Door
Used 2008 Honda Element 4WD EX,"120,638",Sport Utility,Atomic Blue Metallic,Gray/Black,City 19/Hwy 24/Comb 21 MPG,4-Cylinder,Gasoline,5-Speed Automatic,4 wheel drive,Two Door
Used 2017 Honda Civic LX-P Coupe,"23,857",Coupe,Taffeta White,,City 30/Hwy 39/Comb 34 MPG,4-Cylinder,Gasoline,Continuously Variable Automatic,2 wheel drive - front,Two Door
Used 2016 Honda Civic LX Sedan,"33,160",Sedan,Modern Steel Metallic,Black/Gray,City 31/Hwy 41/Comb 35 MPG,4-Cylinder,Gasoline,Continuously Variable Automatic,2 wheel drive - front,Four Door
Certified 2015 Honda Civic EX Sedan,"18,957",Sedan,Rallye Red,Gray,City 30/Hwy 39/Comb 33 MPG,4-Cylinder,Gasoline,Continuously Variable Automatic,2 wheel drive - front,Four Door
Certified 2016 Honda Civic EX Sedan,"41,488",Sedan,Modern Steel Metallic,Black/Gray,City 31/Hwy 41/Comb 35 MPG,4-Cylinder,Gasoline,Continuously Variable Automatic,2 wheel drive - front,Four Door
Certified 2017 Honda Civic LX Sedan,"27,336",Sedan,Modern Steel Metallic,Black/Gray,City 31/Hwy 40/Comb 34 MPG,4-Cylinder,Gasoline,Continuously Variable Automatic,2 wheel drive - front,Four Door
Used 2014 Honda Odyssey EX-L,"65,408",Van,Modern Steel Metallic,Truffle,City 19/Hwy 28/Comb 22 MPG,6-Cylinder,Gasoline,5-Speed Automatic,2 wheel drive - front,Four Door
Certified 2017 Honda Civic EX Sedan,"28,988",Sedan,Crystal Black Pearl,Black,City 31/Hwy 40/Comb 34 MPG,4-Cylinder,Gasoline,Continuously Variable Automatic,2 wheel drive - front,Four Door
Used 2016 Honda Civic EX-T Coupe,"19,196",Coupe,Taffeta White,Black/Gray,35 MPG Combined,4-Cylinder Turbo,Gasoline,Continuously Variable Automatic,2 wheel drive - front,Two Door
Used 2018 Honda Accord 1.5T Sport,"11,800",Sedan,Modern Steel Metallic,Black,City 29/Hwy 35/Comb 31 MPG,4-Cylinder Turbo,Gasoline,Continuously Variable Automatic,2 wheel drive - front,Four Door
Certified 2018 Honda CR-V AWD EX-L,"7,171",Sport Utility,White,Black,City 27/Hwy 33/Comb 29 MPG,4-Cylinder Turbo,Gasoline,Continuously Variable Automatic,All wheel drive,Four Door
Used 2018 Honda Pilot FWD EX,"14,239",Sport Utility,Lunar Silver Metallic,Gray,City 18/Hwy 26/Comb 21 MPG,6-Cylinder,Gasoline,6-Speed Automatic,2 wheel drive - front,Four Door
Used 2019 Honda Pilot FWD EX,14,Sport Utility,Modern Steel,Gray,City 18/Hwy 26/Comb 21 MPG,6-Cylinder,Gasoline,6-Speed Automatic,2 wheel drive - front,Four Door
Used 2013 Honda Pilot FWD LX,"192,393",Sport Utility,Silver,Charcoal,City 17/Hwy 24/Comb 20 MPG,6-Cylinder,Gasoline,5-Speed Automatic,2 wheel drive - front,Four Door
Used 2014 Honda Civic LX Coupe,"64,687",Coupe,Crystal Black Pearl,Gray,City 30/Hwy 39/Comb 33 MPG,4-Cylinder,Gasoline,Continuously Variable Automatic,2 wheel drive - front,Two Door
Used 2015 Honda Civic LX Sedan,"56,724",Sedan,Blue,Black,City 30/Hwy 39/Comb 33 MPG,4-Cylinder,Gasoline,Continuously Variable Automatic,2 wheel drive - front,Four Door
Used 2015 Honda Accord EX-L Coupe,"91,325",Coupe,White Orchid Pearl,,City 26/Hwy 35/Comb 29 MPG,4-Cylinder,Gasoline,Continuously Variable Automatic,2 wheel drive - front,Two Door
Used 2017 Honda Civic EX Sedan,"3,816",Sedan,Gray,Gray,City 31/Hwy 40/Comb 34 MPG,4-Cylinder,Gasoline,Continuously Variable Automatic,2 wheel drive - front,Four Door
Used 2017 Honda Fit LX,"33,717",Hatchback,Aegean Blue Metallic,Black,City 33/Hwy 40/Comb 36 MPG,4-Cylinder,Gasoline,Continuously Variable Automatic,2 wheel drive - front,Four Door
Used 2018 Honda Civic LX Sedan,"36,817",Sedan,Crystal Black Pearl,,City 31/Hwy 40/Comb 34 MPG,4-Cylinder,Gasoline,Continuously Variable Automatic,2 wheel drive - front,Four Door
Used 2015 Honda Accord Sport Sedan,"53,198",Sedan,White Orchid Pearl,Black,City 26/Hwy 35/Comb 29 MPG,4-Cylinder,Gasoline,Continuously Variable Automatic,2 wheel drive - front,Four Door
Used 2019 Honda CR-V FWD EX,"1,019",Sport Utility,Gunmetal Metallic,Gray,City 27/Hwy 33/Comb 29 MPG,4-Cylinder Turbo,Gasoline,Continuously Variable Automatic,2 wheel drive - front,Four Door
Used 2017 Honda Civic LX Sedan,"44,524",Sedan,Championship White,Ivory,City 31/Hwy 40/Comb 34 MPG,4-Cylinder,Gasoline,Continuously Variable Automatic,2 wheel drive - front,Four Door
Certified 2017 Honda Accord LX Sedan,"34,249",Sedan,Modern Steel Metallic,Black,City 27/Hwy 36/Comb 30 MPG,4-Cylinder,Gasoline,Continuously Variable Automatic,2 wheel drive - front,Four Door
Certified 2016 Honda Accord EX Coupe,"36,014",Coupe,Modern Steel Metallic,Black,City 26/Hwy 35/Comb 30 MPG,4-Cylinder,Gasoline,Continuously Variable Automatic,2 wheel drive - front,Two Door
Certified 2017 Honda Civic LX Sedan,"30,276",Sedan,Lunar Silver Metallic,Black,City 31/Hwy 40/Comb 34 MPG,4-Cylinder,Gasoline,Continuously Variable Automatic,2 wheel drive - front,Four Door
Used 2017 Honda HR-V FWD EX,"54,650",Sport Utility,White Orchid Pearl,,City 27/Hwy 31/Comb 29 MPG,4-Cylinder,Gasoline,Continuously Variable Automatic,2 wheel drive - front,Four Door
Used 2018 Honda Civic LX Sedan,"25,560",Sedan,Aegean Blue Metallic,Black/Gray,City 31/Hwy 40/Comb 34 MPG,4-Cylinder,Gasoline,Continuously Variable Automatic,2 wheel drive - front,Four Door
Certified 2018 Honda Civic LX Sedan,"19,412",Sedan,Polished Metal Metallic,Black/Gray,City 31/Hwy 40/Comb 34 MPG,4-Cylinder,Gasoline,Continuously Variable Automatic,2 wheel drive - front,Four Door
Used 2017 Honda Civic EX-T Sedan,"41,712",Sedan,Silver,Other,City 32/Hwy 42/Comb 36 MPG,4-Cylinder Turbo,Gasoline,Continuously Variable Automatic,2 wheel drive - front,Four Door
Used 2017 Honda Accord Sport Sedan,"45,672",Sedan,White Orchid Pearl,,City 26/Hwy 34/Comb 29 MPG,4-Cylinder,Gasoline,Continuously Variable Automatic,2 wheel drive - front,Four Door
Used 2017 Honda Accord Sport Sedan,"28,650",Sedan,Crystal Black Pearl,Black,City 26/Hwy 34/Comb 29 MPG,4-Cylinder,Gasoline,Continuously Variable Automatic,2 wheel drive - front,Four Door
Used 2018 Honda Civic Si Coupe,"30,951",Coupe,White Orchid Pearl,,City 28/Hwy 38/Comb 32 MPG,4-Cylinder,Gasoline,6-Speed Manual,2 wheel drive - front,Two Door
Used 2018 Honda Civic EX-L Sedan,622,Sedan,Nh830m,A,City 32/Hwy 42/Comb 36 MPG,4-Cylinder Turbo,Gasoline,Continuously Variable Automatic,2 wheel drive - front,Four Door
Used 2016 Honda Pilot FWD EX,"57,767",Sport Utility,Steel,Gray,City 18/Hwy 26/Comb 21 MPG,6-Cylinder,Gasoline,6-Speed Automatic,2 wheel drive - front,Four Door
Used 2018 Honda CR-V AWD LX,33,Sport Utility,Diamond White Pearl,Ivory,City 25/Hwy 31/Comb 27 MPG,4-Cylinder,Gasoline,Continuously Variable Automatic,All wheel drive,Four Door
Used 2016 Honda Pilot FWD Touring,"51,501",Sport Utility,Gray,,City 19/Hwy 26/Comb 21 MPG,6-Cylinder,Gasoline,9-Speed Automatic,2 wheel drive - front,Four Door
Used 2017 Honda Pilot FWD EX,"34,859",Sport Utility,Gray,Gray,City 18/Hwy 26/Comb 21 MPG,6-Cylinder,Gasoline,6-Speed Automatic,2 wheel drive - front,Four Door
Certified 2017 Honda CR-V FWD EX-L,"7,711",Sport Utility,Obsidian Blue Pearl,Gray,City 27/Hwy 33/Comb 29 MPG,4-Cylinder Turbo,Gasoline,Continuously Variable Automatic,2 wheel drive - front,Four Door
Used 2019 Honda CR-V FWD EX,"1,019",Sport Utility,Gunmetal Metallic,Gray,City 27/Hwy 33/Comb 29 MPG,4-Cylinder Turbo,Gasoline,Continuously Variable Automatic,2 wheel drive - front,Four Door
Certified 2018 Honda CR-V FWD EX-L,"15,356",Sport Utility,Sandstorm Metallic,Ivory,City 27/Hwy 33/Comb 29 MPG,4-Cylinder Turbo,Gasoline,Continuously Variable Automatic,2 wheel drive - front,Four Door
Used 2019 Honda CR-V FWD EX-L,137,Sport Utility,Modern Steel,Gray,City 27/Hwy 33/Comb 29 MPG,4-Cylinder Turbo,Gasoline,Continuously Variable Automatic,2 wheel drive - front,Four Door
Used 2019 Honda Accord 2.0T Sport,"6,485",Sedan,Crystal Black Pearl,Black,City 29/Hwy 35/Comb 31 MPG,4-Cylinder Turbo,Gasoline,10-Speed Automatic,2 wheel drive - front,Four Door
Certified 2018 Honda Odyssey EX-L,"17,099",Van,White Diamond Pearl,Mocha,City 19/Hwy 28/Comb 22 MPG,6-Cylinder,Gasoline,9-Speed Automatic,2 wheel drive - front,Four Door
Used 2010 Honda Insight EX,"66,981",Hatchback,Dk. Gray,Gray,Gas - City 40/Hwy 43/Comb 41 MPG,Hybrid,Hybrid Gas/Electric,Continuously Variable Automatic,2 wheel drive - front,Four Door
Certified 2019 Honda CR-V AWD LX,"6,577",Sport Utility,Lunar Silver Metallic,Gray,City 25/Hwy 31/Comb 27 MPG,4-Cylinder,Gasoline,Continuously Variable Automatic,All wheel drive,Four Door
Used 2016 Honda Accord LX Sedan,"46,719",Sedan,White,Tan,City 27/Hwy 37/Comb 31 MPG,4-Cylinder,Gasoline,Continuously Variable Automatic,2 wheel drive - front,Four Door
Used 2015 Honda Civic LX Sedan,"37,548",Sedan,Dk. Gray,Gray,City 30/Hwy 39/Comb 33 MPG,4-Cylinder,Gasoline,Continuously Variable Automatic,2 wheel drive - front,Four Door
Used 2016 Honda CR-V FWD SE,"68,680",Sport Utility,Basque Red,Black,City 25/Hwy 31/Comb 27 MPG,4-Cylinder,Gasoline,Continuously Variable Automatic,2 wheel drive - front,Four Door
Used 2012 Honda CR-V FWD LX,"48,530",Sport Utility,Urban Titanium Metallic,Gray,City 22/Hwy 30/Comb 25 MPG,4-Cylinder,Gasoline,5-Speed Automatic,2 wheel drive - front,Four Door
Used 2010 Honda CR-V EX,"72,150",Sport Utility,White,Gray,City 21/Hwy 27/Comb 23 MPG,4-Cylinder,Gasoline,5-Speed Automatic,4 wheel drive,Four Door
Used 2013 Honda Civic Si Coupe,"39,825",Coupe,Silver,Black,City 22/Hwy 31/Comb 25 MPG,4-Cylinder,Gasoline,6-Speed Manual,2 wheel drive - front,Two Door
Used 2013 Honda Civic Si Sedan,"55,526",Sedan,Black,Black,City 22/Hwy 31/Comb 25 MPG,4-Cylinder,Gasoline,6-Speed Manual,2 wheel drive - front,Four Door
Used 2014 Honda Ridgeline RTL,"118,699",Truck,Taffeta White,Black,City 15/Hwy 21/Comb 17 MPG,6-Cylinder,Gasoline,5-Speed Automatic,4 wheel drive - front wheel default,Four Door
Used 2016 Honda CR-V FWD EX,"20,378",Sport Utility,Blue,Gray,City 25/Hwy 31/Comb 27 MPG,4-Cylinder,Gasoline,Continuously Variable Automatic,2 wheel drive - front,Four Door
Used 2014 Honda Pilot FWD EX-L,"88,455",Sport Utility,Modern Steel Metallic,Gray,City 17/Hwy 24/Comb 20 MPG,6-Cylinder,Gasoline,5-Speed Automatic,2 wheel drive - front,Four Door
Used 2018 Honda Accord 1.5T LX,"16,369",Sedan,Radiant Red Metallic,Ivory,City 30/Hwy 38/Comb 33 MPG,4-Cylinder Turbo,Gasoline,Continuously Variable Automatic,2 wheel drive - front,Four Door
Used 2016 Honda Civic LX Sedan,"44,439",Sedan,Modern Steel Metallic,,City 31/Hwy 41/Comb 35 MPG,4-Cylinder,Gasoline,Continuously Variable Automatic,2 wheel drive - front,Four Door
Certified 2017 Honda Civic Si Coupe,"25,838",Coupe,Taffeta White,Black,City 28/Hwy 38/Comb 32 MPG,4-Cylinder,Gasoline,6-Speed Manual,2 wheel drive - front,Two Door
Used 2016 Honda Accord Touring Coupe,"23,532",Coupe,Black,Black,,6-Cylinder,Gasoline,6-Speed Automatic,2 wheel drive - front,Two Door
Used 2019 Honda CR-V AWD Touring,"6,388",Sport Utility,Green,Black,City 27/Hwy 33/Comb 29 MPG,4-Cylinder Turbo,Gasoline,Continuously Variable Automatic,All wheel drive,Four Door
Used 2018 Honda Odyssey EX-L,"6,436",Van,Blue,Gray,City 19/Hwy 28/Comb 22 MPG,6-Cylinder,Gasoline,9-Speed Automatic,2 wheel drive - front,Four Door
Used 2013 Honda Civic Hybrid Sedan,"117,910",Sedan,Gray,Charcoal,Gas - City 44/Hwy 44/Comb 44 MPG,Hybrid,Hybrid Gas/Electric,Continuously Variable Automatic,2 wheel drive - front,Four Door
Used 2013 Honda CR-V FWD LX,"96,495",Sport Utility,Blue,Gray,City 22/Hwy 30/Comb 25 MPG,4-Cylinder,Gasoline,5-Speed Automatic,2 wheel drive - front,Four Door
Used 2013 Honda Civic EX-L,"71,838",Sedan,Alabaster Silver Metallic,Black,City 28/Hwy 39/Comb 32 MPG,4-Cylinder,Gasoline,5-Speed Automatic,2 wheel drive - front,Four Door
Used 2011 Honda Accord EX-L Coupe,"87,872",Coupe,Red,Black,City 22/Hwy 33/Comb 26 MPG,6-Cylinder,Gasoline,6-Speed Manual,2 wheel drive - front,Two Door
Used 2016 Honda Civic EX-T Sedan,"39,848",Sedan,Modern Steel Metallic,Gray,35 MPG Combined,4-Cylinder Turbo,Gasoline,Continuously Variable Automatic,2 wheel drive - front,Four Door
Used 2016 Honda Accord Sport Sedan,"32,593",Sedan,Dk. Gray,Black,City 26/Hwy 35/Comb 30 MPG,4-Cylinder,Gasoline,Continuously Variable Automatic,2 wheel drive - front,Four Door
Used 2016 Honda CR-V FWD EX-L,"48,813",Sport Utility,Obsidian Blue Pearl,Black,City 25/Hwy 31/Comb 27 MPG,4-Cylinder,Gasoline,Continuously Variable Automatic,2 wheel drive - front,Four Door
Used 2015 Honda Odyssey EX-L,"55,697",Van,Dk. Gray,Gray,City 19/Hwy 28/Comb 22 MPG,6-Cylinder,Gasoline,6-Speed Automatic,2 wheel drive - front,Four Door
Used 2012 Honda Accord LX-S Coupe,"109,928",Coupe,Silver,Black,City 22/Hwy 33/Comb 26 MPG,4-Cylinder,Gasoline,5-Speed Automatic,2 wheel drive - front,Two Door
Used 2012 Honda CR-Z EX,"25,277",Hatchback,Silver,Gray,Gas - City 35/Hwy 39/Comb 37 MPG,Hybrid,Hybrid Gas/Electric,Continuously Variable Automatic,2 wheel drive - front,Two Door
Used 2015 Honda Accord Sport Sedan,"73,320",Sedan,White Orchid Pearl,Black,City 26/Hwy 35/Comb 29 MPG,4-Cylinder,Gasoline,Continuously Variable Automatic,2 wheel drive - front,Four Door
Used 2014 Honda Odyssey EX-L,"65,408",Van,Modern Steel Metallic,Truffle,City 19/Hwy 28/Comb 22 MPG,6-Cylinder,Gasoline,5-Speed Automatic,2 wheel drive - front,Four Door
Certified 2017 Honda Civic LX Sedan,"19,796",Sedan,Cosmic Blue Metallic,Black/Gray,City 31/Hwy 40/Comb 34 MPG,4-Cylinder,Gasoline,Continuously Variable Automatic,2 wheel drive - front,Four Door
Used 2016 Honda Accord Sport Sedan,"29,888",Sedan,Black,Black,City 26/Hwy 35/Comb 30 MPG,4-Cylinder,Gasoline,6-Speed Manual,2 wheel drive - front,Four Door
Certified 2015 Honda Civic EX-L Sedan,"34,085",Sedan,Taffeta White,Black,City 30/Hwy 39/Comb 33 MPG,4-Cylinder,Gasoline,Continuously Variable Automatic,2 wheel drive - front,Four Door
Certified 2017 Honda Civic LX Sedan,"30,276",Sedan,Lunar Silver Metallic,Black,City 31/Hwy 40/Comb 34 MPG,4-Cylinder,Gasoline,Continuously Variable Automatic,2 wheel drive - front,Four Door
Used 2016 Honda CR-V AWD EX,"27,932",Sport Utility,Dk. Red,Gray,City 25/Hwy 31/Comb 27 MPG,4-Cylinder,Gasoline,Continuously Variable Automatic,All wheel drive,Four Door
Used 2012 Honda Odyssey Touring,"47,609",Van,Gray,Gray,City 19/Hwy 28/Comb 22 MPG,6-Cylinder,Gasoline,6-Speed Automatic,2 wheel drive - front,Four Door
Used 2016 Honda Odyssey SE,"24,000",Van,Silver,Gray,City 19/Hwy 28/Comb 22 MPG,6-Cylinder,Gasoline,6-Speed Automatic,2 wheel drive - front,Four Door
Used 2019 Honda Accord 1.5T EX-L,"1,912",Sedan,Silver,Gray,City 30/Hwy 38/Comb 33 MPG,4-Cylinder Turbo,Gasoline,Continuously Variable Automatic,2 wheel drive - front,Four Door
Used 2017 Honda Pilot 4WD EX-L,"37,932",Sport Utility,Black,Black,City 18/Hwy 26/Comb 21 MPG,6-Cylinder,Gasoline,6-Speed Automatic,All wheel drive,Four Door
Used 2017 Honda Ridgeline 2WD RTL-T,"11,012",Truck,Dk. Gray,Gray,City 18/Hwy 25/Comb 21 MPG,6-Cylinder,Gasoline,6-Speed Automatic,2 wheel drive - front,Four Door
Used 2018 Honda Civic Type R Hatchback,"5,623",Hatchback,White,Black,City 22/Hwy 28/Comb 25 MPG,4-Cylinder Turbo,Gasoline,6-Speed Manual,2 wheel drive - front,Four Door
Used 2017 Honda Civic EX-T Sedan,"41,712",Sedan,Silver,Other,City 32/Hwy 42/Comb 36 MPG,4-Cylinder Turbo,Gasoline,Continuously Variable Automatic,2 wheel drive - front,Four Door
Used 2018 Honda Pilot 4WD Touring,"21,191",Sport Utility,White,Black,City 19/Hwy 26/Comb 22 MPG,6-Cylinder,Gasoline,9-Speed Shiftable Automatic,4 wheel drive - front wheel default,Four Door
Used 2007 Honda Civic EX Coupe,"121,724",Coupe,Galaxy Gray Metallic,Ivory,City 25/Hwy 36/Comb 29 MPG,4-Cylinder,Gasoline,5-Speed Automatic,2 wheel drive - front,Two Door
Used 2008 Honda Accord EX,"146,424",Sedan,Taffeta White,Ivory,City 21/Hwy 31/Comb 24 MPG,4-Cylinder,Gasoline,5-Speed Automatic,2 wheel drive - front,Four Door
Used 2011 Honda Accord LX-P Sedan,"93,205",Sedan,Taffeta White,Ivory,City 23/Hwy 34/Comb 27 MPG,4-Cylinder,Gasoline,5-Speed Automatic,2 wheel drive - front,Four Door
Used 2012 Honda Civic EX Sedan,"77,352",Sedan,Polished Metal Metallic,Stone,City 28/Hwy 39/Comb 32 MPG,4-Cylinder,Gasoline,5-Speed Automatic,2 wheel drive - front,Four Door
Used 2012 Honda Civic EX Coupe,"73,040",Coupe,Rallye Red,Gray,City 28/Hwy 39/Comb 32 MPG,4-Cylinder,Gasoline,5-Speed Automatic,2 wheel drive - front,Two Door
Used 2015 Honda Civic LX Sedan,"33,275",Sedan,Black,Black,City 30/Hwy 39/Comb 33 MPG,4-Cylinder,Gasoline,Continuously Variable Automatic,2 wheel drive - front,Four Door
Used 2013 Honda Civic EX Sedan,"50,649",Sedan,Polished Metal Metallic,Gray,City 28/Hwy 39/Comb 32 MPG,4-Cylinder,Gasoline,5-Speed Automatic,2 wheel drive - front,Four Door
Used 2015 Honda Civic LX Sedan,"45,005",Sedan,Black,Gray,City 30/Hwy 39/Comb 33 MPG,4-Cylinder,Gasoline,Continuously Variable Automatic,2 wheel drive - front,Four Door
Used 2012 Honda CR-V FWD LX,"48,530",Sport Utility,Urban Titanium Metallic,Gray,City 22/Hwy 30/Comb 25 MPG,4-Cylinder,Gasoline,5-Speed Automatic,2 wheel drive - front,Four Door
Certified 2015 Honda CR-Z EX,"35,054",Hatchback,North Shore Blue Pearl,Black,Gas - City 36/Hwy 39/Comb 37 MPG,Hybrid,Hybrid Gas/Electric,Continuously Variable Automatic,2 wheel drive - front,Two Door
Certified 2016 Honda Civic LX Sedan,"32,862",Sedan,Modern Steel Metallic,Black/Gray,City 31/Hwy 41/Comb 35 MPG,4-Cylinder,Gasoline,Continuously Variable Automatic,2 wheel drive - front,Four Door
Used 2014 Honda Accord EX-L,"44,768",Sedan,White Orchid Pearl,Ivory,City 27/Hwy 36/Comb 30 MPG,4-Cylinder,Gasoline,Continuously Variable Automatic,2 wheel drive - front,Four Door
Used 2015 Honda Accord EX Sedan,"41,817",Sedan,Silver,Black,City 27/Hwy 36/Comb 31 MPG,4-Cylinder,Gasoline,Continuously Variable Automatic,2 wheel drive - front,Four Door
Certified 2016 Honda Accord LX Sedan,"36,765",Sedan,Obsidian Blue Pearl,Gray,City 27/Hwy 37/Comb 31 MPG,4-Cylinder,Gasoline,Continuously Variable Automatic,2 wheel drive - front,Four Door
Certified 2016 Honda Fit EX,"53,220",Hatchback,Alabaster Silver Metallic,Black,City 32/Hwy 38/Comb 35 MPG,4-Cylinder,Gasoline,Continuously Variable Automatic,2 wheel drive - front,Four Door
Certified 2017 Honda Accord LX Sedan,"29,890",Sedan,Deep Blue Opal Metallic,Gray,City 27/Hwy 36/Comb 30 MPG,4-Cylinder,Gasoline,Continuously Variable Automatic,2 wheel drive - front,Four Door
Certified 2017 Honda Accord LX Sedan,"23,122",Sedan,Basque Red Pearl Ii,Ivory,City 27/Hwy 36/Comb 30 MPG,4-Cylinder,Gasoline,Continuously Variable Automatic,2 wheel drive - front,Four Door
Used 2017 Honda Civic EX-T Sedan,"15,314",Sedan,,,City 32/Hwy 42/Comb 36 MPG,4-Cylinder Turbo,Gasoline,6-Speed Manual,2 wheel drive - front,Four Door
Used 2009 Honda Ridgeline RTL,"95,824",Truck,Silver,No Color,City 15/Hwy 20/Comb 17 MPG,6-Cylinder,Gasoline,5-Speed Automatic,4 wheel drive - front wheel default,Four Door
Used 2018 Honda Civic EX-T Coupe,"5,691",Coupe,Rallye Red,Black/Gray,City 31/Hwy 40/Comb 35 MPG,4-Cylinder Turbo,Gasoline,Continuously Variable Automatic,2 wheel drive - front,Two Door
Used 2016 Honda Odyssey EX,"25,005",Van,Crystal Black Pearl,Gray,City 19/Hwy 28/Comb 22 MPG,6-Cylinder,Gasoline,6-Speed Automatic,2 wheel drive - front,Four Door
Used 2017 Honda CR-V AWD EX-L,"20,387",Sport Utility,Gray,Gray,City 27/Hwy 33/Comb 29 MPG,4-Cylinder Turbo,Gasoline,Continuously Variable Automatic,All wheel drive,Four Door
Certified 2019 Honda CR-V AWD EX,"7,685",Sport Utility,Modern Steel,Black,City 27/Hwy 33/Comb 29 MPG,4-Cylinder Turbo,Gasoline,Continuously Variable Automatic,All wheel drive,Four Door
Certified 2018 Honda CR-V AWD EX-L,"9,545",Sport Utility,Diamond White Pearl,Black,City 27/Hwy 33/Comb 29 MPG,4-Cylinder Turbo,Gasoline,Continuously Variable Automatic,All wheel drive,Four Door
Used 2005 Honda Odyssey EX-L,"187,253",Van,Gray,Gray,City 17/Hwy 23/Comb 19 MPG,6-Cylinder,Gasoline,5-Speed Automatic,2 wheel drive - front,Four Door
Used 2007 Honda CR-V EX-L,"176,574",Sport Utility,Nighthawk Black Pearl,Black,City 19/Hwy 26/Comb 22 MPG,4-Cylinder,Gasoline,5-Speed Automatic,4 wheel drive - front wheel default,Four Door
Used 2010 Honda CR-V LX,"109,507",Sport Utility,Urban Titanium Metallic,Black,City 21/Hwy 27/Comb 23 MPG,4-Cylinder,Gasoline,5-Speed Automatic,2 wheel drive - front,Four Door
Used 2007 Honda Accord SE Sedan,"106,433",Sedan,Alabaster Silver Metallic,Black,City 21/Hwy 31/Comb 25 MPG,4-Cylinder,Gasoline,5-Speed Automatic,2 wheel drive - front,Four Door
Used 2008 Honda Accord LX-P Sedan,"177,663",Sedan,Taffeta White,Ivory,City 21/Hwy 31/Comb 24 MPG,4-Cylinder,Gasoline,5-Speed Automatic,2 wheel drive - front,Four Door
Used 2012 Honda Accord EX-L V6,"157,898",Sedan,White Orchid Pearl,Ivory,City 23/Hwy 34/Comb 27 MPG,6-Cylinder,Gasoline,5-Speed Automatic,2 wheel drive - front,Four Door
Used 2007 Honda Odyssey EX-L,"100,749",Van,Silver Pearl Metallic,Gray,City 17/Hwy 24/Comb 19 MPG,6-Cylinder,Gasoline,5-Speed Automatic,2 wheel drive - front,Four Door
Used 2008 Honda Odyssey EX-L,"118,126",Van,Gray,Gray,City 17/Hwy 25/Comb 20 MPG,6-Cylinder,Gasoline,5-Speed Automatic,2 wheel drive - front,Four Door
Used 2013 Honda Civic EX Sedan,"127,535",Sedan,Gray,Black,City 28/Hwy 39/Comb 32 MPG,4-Cylinder,Gasoline,5-Speed Automatic,2 wheel drive - front,Four Door
Used 2014 Honda Accord LX Sedan,"101,586",Sedan,Obsidian Blue Pearl,Gray,City 27/Hwy 36/Comb 30 MPG,4-Cylinder,Gasoline,Continuously Variable Automatic,2 wheel drive - front,Four Door
Used 2013 Honda Civic LX Sedan,"44,154",Sedan,Taffeta White,Beige,City 28/Hwy 39/Comb 32 MPG,4-Cylinder,Gasoline,5-Speed Automatic,2 wheel drive - front,Four Door
Used 2015 Honda Accord LX Sedan,"94,373",Sedan,Blue,Gray,City 27/Hwy 36/Comb 31 MPG,4-Cylinder,Gasoline,Continuously Variable Automatic,2 wheel drive - front,Four Door
Used 2013 Honda Accord LX Sedan,"135,101",Sedan,White Orchid,Ivory,City 27/Hwy 36/Comb 30 MPG,4-Cylinder,Gasoline,Continuously Variable Automatic,2 wheel drive - front,Four Door
Used 2013 Honda Civic LX Sedan,"51,376",Sedan,Blue,Gray,City 28/Hwy 39/Comb 32 MPG,4-Cylinder,Gasoline,5-Speed Automatic,2 wheel drive - front,Four Door
Used 2015 Honda Civic LX Sedan,"48,957",Sedan,Pewter,Gray,City 30/Hwy 39/Comb 33 MPG,4-Cylinder,Gasoline,Continuously Variable Automatic,2 wheel drive - front,Four Door
Used 2015 Honda Accord Sport Sedan,"109,033",Sedan,White,Black,City 26/Hwy 35/Comb 29 MPG,4-Cylinder,Gasoline,Continuously Variable Automatic,2 wheel drive - front,Four Door
Used 2014 Honda Accord EX Sedan,"97,640",Sedan,Gray,Black,City 27/Hwy 36/Comb 30 MPG,4-Cylinder,Gasoline,Continuously Variable Automatic,2 wheel drive - front,Four Door
Used 2016 Honda Civic LX Sedan,"49,563",Sedan,White,Tan,City 31/Hwy 41/Comb 35 MPG,4-Cylinder,Gasoline,Continuously Variable Automatic,2 wheel drive - front,Four Door
Certified 2019 Honda CR-V FWD LX,"7,779",Sport Utility,Platinum White Pearl,Ivory,City 25/Hwy 31/Comb 27 MPG,4-Cylinder,Gasoline,Continuously Variable Automatic,2 wheel drive - front,Four Door
Used 2012 Honda Odyssey EX-L,"93,625",Van,Polished Metal Metallic,Gray,City 18/Hwy 27/Comb 21 MPG,6-Cylinder,Gasoline,5-Speed Automatic,2 wheel drive - front,Four Door
Used 2016 Honda Fit EX,"37,241",Hatchback,Alabaster Silver Metallic,Black,City 32/Hwy 38/Comb 35 MPG,4-Cylinder,Gasoline,Continuously Variable Automatic,2 wheel drive - front,Four Door
Used 2014 Honda Accord EX-L Sedan,"63,967",Sedan,Gray,Black,City 27/Hwy 36/Comb 30 MPG,4-Cylinder,Gasoline,Continuously Variable Automatic,2 wheel drive - front,Four Door
Used 2018 Honda Clarity Plug-In Hybrid,"4,732",Sedan,Modern Steel Metallic,Black,Gas - City 44/Hwy 40/Comb 42 MPG | Electric - 110 MPGe Combined,4-Cylinder,Hybrid Gas/Electric,Continuously Variable Automatic,2 wheel drive - front,Four Door
Used 2015 Honda Civic LX Sedan,"16,277",Sedan,Silver,Black,City 30/Hwy 39/Comb 33 MPG,4-Cylinder,Gasoline,Continuously Variable Automatic,2 wheel drive - front,Four Door
Used 2016 Honda Civic LX Sedan,"39,866",Sedan,Modern Steel Metallic,Black,City 31/Hwy 41/Comb 35 MPG,4-Cylinder,Gasoline,Continuously Variable Automatic,2 wheel drive - front,Four Door
Used 2016 Honda HR-V FWD EX,"87,814",Sport Utility,Black,Black,City 27/Hwy 32/Comb 29 MPG,4-Cylinder,Gasoline,Continuously Variable Automatic,2 wheel drive - front,Four Door
Used 2016 Honda Fit EX,"19,700",Hatchback,Silver,Black,City 32/Hwy 38/Comb 35 MPG,4-Cylinder,Gasoline,Continuously Variable Automatic,2 wheel drive - front,Four Door
Used 2017 Honda Accord EX Coupe,"83,920",Coupe,Black,,City 26/Hwy 34/Comb 29 MPG,4-Cylinder,Gasoline,6-Speed Manual,2 wheel drive - front,Two Door
Used 2014 Honda Accord EX-L,"85,989",Sedan,Alabaster Silver Metallic,Black,City 27/Hwy 36/Comb 30 MPG,4-Cylinder,Gasoline,Continuously Variable Automatic,2 wheel drive - front,Four Door
Used 2013 Honda Civic EX-L Sedan,"30,054",Sedan,Silver,Gray,City 28/Hwy 39/Comb 32 MPG,4-Cylinder,Gasoline,5-Speed Automatic,2 wheel drive - front,Four Door
Used 2010 Honda Element 2WD EX,"150,375",Sport Utility,Silver,Gray,City 19/Hwy 24/Comb 21 MPG,4-Cylinder,Gasoline,5-Speed Automatic,2 wheel drive - front,Two Door
Used 2013 Honda Pilot FWD EX-L,"107,121",Sport Utility,Alabaster Silver Metallic,Gray,City 17/Hwy 24/Comb 20 MPG,6-Cylinder,Gasoline,5-Speed Automatic,2 wheel drive - front,Four Door
Used 2017 Honda Civic EX Sedan,"34,900",Sedan,Blue,Gray,City 31/Hwy 40/Comb 34 MPG,4-Cylinder,Gasoline,Continuously Variable Automatic,2 wheel drive - front,Four Door
Used 2016 Honda CR-V FWD SE,"34,522",Sport Utility,Gray,No Color,City 25/Hwy 31/Comb 27 MPG,4-Cylinder,Gasoline,Continuously Variable Automatic,2 wheel drive - front,Four Door
Used 2016 Honda Civic LX Sedan,"33,444",Sedan,White,Tan,City 31/Hwy 41/Comb 35 MPG,4-Cylinder,Gasoline,Continuously Variable Automatic,2 wheel drive - front,Four Door
Used 2012 Honda Pilot 4WD Touring,"100,361",Sport Utility,Gray,,City 17/Hwy 24/Comb 20 MPG,6-Cylinder,Gasoline,5-Speed Automatic,4 wheel drive,Four Door
Used 2016 Honda CR-V FWD SE,"42,031",Sport Utility,Black,Black,City 25/Hwy 31/Comb 27 MPG,4-Cylinder,Gasoline,Continuously Variable Automatic,2 wheel drive - front,Four Door
Used 2015 Honda Accord Sport Sedan,"44,568",Sedan,Alabaster Silver Metallic,Black,City 26/Hwy 35/Comb 29 MPG,4-Cylinder,Gasoline,Continuously Variable Automatic,2 wheel drive - front,Four Door
Certified 2017 Honda Civic LX Sedan,"34,782",Sedan,Taffeta White,Beige,City 31/Hwy 40/Comb 34 MPG,4-Cylinder,Gasoline,Continuously Variable Automatic,2 wheel drive - front,Four Door
Used 2013 Honda Civic Si Sedan,"47,695",Sedan,Black,Black,City 22/Hwy 31/Comb 25 MPG,4-Cylinder,Gasoline,6-Speed Manual,2 wheel drive - front,Four Door
Used 2018 Honda Civic LX Sedan,"21,906",Sedan,Black,Black,City 31/Hwy 40/Comb 34 MPG,4-Cylinder,Gasoline,Continuously Variable Automatic,2 wheel drive - front,Four Door
Certified 2016 Honda Civic EX-T Sedan,"36,380",Sedan,Cosmic Blue Metallic,Black/Gray,35 MPG Combined,4-Cylinder Turbo,Gasoline,Continuously Variable Automatic,2 wheel drive - front,Four Door
Used 2012 Honda Pilot FWD Touring,"94,183",Sport Utility,Silver,Black,City 17/Hwy 24/Comb 20 MPG,6-Cylinder,Gasoline,5-Speed Automatic,2 wheel drive - front,Four Door
Used 2016 Honda CR-V FWD EX,"61,860",Sport Utility,Gray,Gray,City 25/Hwy 31/Comb 27 MPG,4-Cylinder,Gasoline,Continuously Variable Automatic,2 wheel drive - front,Four Door
Used 2016 Honda Accord Sport Sedan,"40,536",Sedan,Basque Red Pearl Ii,Black,City 26/Hwy 35/Comb 30 MPG,4-Cylinder,Gasoline,Continuously Variable Automatic,2 wheel drive - front,Four Door
Used 2016 Honda Accord LX Sedan,"34,720",Sedan,Blue,Gray,City 27/Hwy 37/Comb 31 MPG,4-Cylinder,Gasoline,Continuously Variable Automatic,2 wheel drive - front,Four Door
Certified 2016 Honda Fit EX,"53,220",Hatchback,Alabaster Silver Metallic,Black,City 32/Hwy 38/Comb 35 MPG,4-Cylinder,Gasoline,Continuously Variable Automatic,2 wheel drive - front,Four Door
Used 2017 Honda Accord LX Sedan,"24,220",Sedan,Modern Steel Metallic,Gray,City 27/Hwy 36/Comb 30 MPG,4-Cylinder,Gasoline,Continuously Variable Automatic,2 wheel drive - front,Four Door
Certified 2017 Honda Accord LX Sedan,"30,049",Sedan,Modern Steel,Black,City 27/Hwy 36/Comb 30 MPG,4-Cylinder,Gasoline,Continuously Variable Automatic,2 wheel drive - front,Four Door
Certified 2016 Honda Accord Sport Sedan,"41,903",Sedan,Lunar Silver Metallic,Black,City 26/Hwy 35/Comb 30 MPG,4-Cylinder,Gasoline,Continuously Variable Automatic,2 wheel drive - front,Four Door
Used 2009 Honda Ridgeline RTL,"95,824",Truck,Silver,No Color,City 15/Hwy 20/Comb 17 MPG,6-Cylinder,Gasoline,5-Speed Automatic,4 wheel drive - front wheel default,Four Door
Used 2015 Honda Accord EX-L V6 Coupe,"32,512",Coupe,Silver,Black,City 26/Hwy 35/Comb 29 MPG,6-Cylinder,Gasoline,6-Speed Shiftable Automatic,2 wheel drive - front,Two Door
Used 2017 Honda Civic LX,"18,797",Hatchback,Gray,Tan,City 31/Hwy 40/Comb 36 MPG,4-Cylinder Turbo,Gasoline,Continuously Variable Automatic,2 wheel drive - front,Four Door
Used 2016 Honda HR-V AWD EX,"22,721",Sport Utility,Black,Black,City 27/Hwy 32/Comb 29 MPG,4-Cylinder,Gasoline,Continuously Variable Automatic,All wheel drive,Four Door
Used 2018 Honda Civic EX-T Sedan,"27,648",Sedan,White Orchid Pearl,Tan,City 32/Hwy 42/Comb 36 MPG,4-Cylinder Turbo,Gasoline,6-Speed Manual,2 wheel drive - front,Four Door
Used 2017 Honda Accord Sport Sedan,"15,047",Sedan,Silver,Black,City 26/Hwy 34/Comb 29 MPG,4-Cylinder,Gasoline,Continuously Variable Automatic,2 wheel drive - front,Four Door
Used 2013 Honda Accord EX-L Coupe,"41,115",Coupe,Dk. Blue,Black,City 26/Hwy 35/Comb 29 MPG,6-Cylinder,Gasoline,6-Speed Shiftable Automatic,2 wheel drive - front,Two Door
Used 2016 Honda Accord Sport Sedan,"15,368",Sedan,Silver,Black,City 26/Hwy 35/Comb 30 MPG,4-Cylinder,Gasoline,Continuously Variable Automatic,2 wheel drive - front,Four Door
Used 2010 Honda CR-V LX,"109,507",Sport Utility,Urban Titanium Metallic,Black,City 21/Hwy 27/Comb 23 MPG,4-Cylinder,Gasoline,5-Speed Automatic,2 wheel drive - front,Four Door
Used 2017 Honda Civic EX Sedan,"3,816",Sedan,Gray,Gray,City 31/Hwy 40/Comb 34 MPG,4-Cylinder,Gasoline,Continuously Variable Automatic,2 wheel drive - front,Four Door
Used 2019 Honda HR-V FWD LX,"6,580",Sport Utility,Black,Black,City 28/Hwy 34/Comb 30 MPG,4-Cylinder,Gasoline,Continuously Variable Automatic,2 wheel drive - front,Four Door
Used 2017 Honda Civic EX Hatchback,"17,864",Hatchback,Blue,Black,City 31/Hwy 40/Comb 34 MPG,4-Cylinder Turbo,Gasoline,Continuously Variable Automatic,2 wheel drive - front,Four Door
Used 2018 Honda Civic EX-L w/ Navigation,"25,511",Hatchback,Taffeta White,Black/Ivory,City 31/Hwy 40/Comb 34 MPG,4-Cylinder Turbo,Gasoline,Continuously Variable Automatic,2 wheel drive - front,Four Door
Used 2016 Honda Accord EX-L Sedan,"9,865",Sedan,White,Tan,City 27/Hwy 37/Comb 31 MPG,4-Cylinder,Gasoline,Continuously Variable Automatic,2 wheel drive - front,Four Door
Used 2014 Honda Pilot FWD EX-L w/ Navigation,"61,962",Sport Utility,Gray,Gray,City 17/Hwy 24/Comb 20 MPG,6-Cylinder,Gasoline,5-Speed Automatic,2 wheel drive - front,Four Door
Used 2017 Honda Civic Touring Coupe,"21,945",Coupe,Gray,Gray,,4-Cylinder Turbo,Gasoline,Continuously Variable Automatic,2 wheel drive - front,Two Door
Used 2018 Honda Civic Si Sedan,"14,781",Sedan,Aegean Blue Metallic,Black/Gray,City 28/Hwy 38/Comb 32 MPG,4-Cylinder Turbo,Gasoline,6-Speed Manual,2 wheel drive - front,Four Door
Used 2015 Honda Odyssey Touring Elite,"66,788",Van,Maroon,Tan,City 19/Hwy 28/Comb 22 MPG,6-Cylinder,Gasoline,6-Speed Automatic,2 wheel drive - front,Four Door
Used 2016 Honda Odyssey EX-L,"52,838",Van,Gray,Gray,City 19/Hwy 28/Comb 22 MPG,6-Cylinder,Gasoline,6-Speed Automatic,2 wheel drive - front,Four Door
Certified 2018 Honda Accord 1.5T Sport,"12,150",Sedan,Lunar Silver Metallic,Black,City 29/Hwy 35/Comb 31 MPG,4-Cylinder Turbo,Gasoline,Continuously Variable Automatic,2 wheel drive - front,Four Door
Used 2019 Honda Civic Si Coupe,"1,459",Coupe,Black,Black,City 28/Hwy 38/Comb 32 MPG,4-Cylinder Turbo,Gasoline,6-Speed Manual,2 wheel drive - front,Two Door
Used 2018 Honda Civic Si Sedan,"8,989",Sedan,Black,Black,City 28/Hwy 38/Comb 32 MPG,4-Cylinder Turbo,Gasoline,6-Speed Manual,2 wheel drive - front,Four Door
Used 2017 Honda Accord Touring Sedan,"17,896",Sedan,White,Tan,,6-Cylinder,Gasoline,6-Speed Automatic,2 wheel drive - front,Four Door
Used 2018 Honda Civic Sport Touring Hatchback,"1,288",Hatchback,Silver,Black,City 31/Hwy 40/Comb 34 MPG,4-Cylinder Turbo,Gasoline,Continuously Variable Automatic,2 wheel drive - front,Four Door
Certified 2016 Honda Civic EX-L Sedan,"44,571",Sedan,Cosmic Blue Metallic,Gray,35 MPG Combined,4-Cylinder Turbo,Gasoline,Continuously Variable Automatic,2 wheel drive - front,Four Door
Used 2016 Honda Odyssey EX-L,"49,543",Van,Gray,Gray,City 19/Hwy 28/Comb 22 MPG,6-Cylinder,Gasoline,6-Speed Automatic,2 wheel drive - front,Four Door
Used 2017 Honda CR-V AWD Touring,"26,593",Sport Utility,Modern Steel Metallic,,City 27/Hwy 33/Comb 29 MPG,4-Cylinder Turbo,Gasoline,Continuously Variable Automatic,All wheel drive,Four Door
Certified 2018 Honda CR-V AWD EX,"33,529",Sport Utility,Molten Lava Pearl,Ivory,City 27/Hwy 33/Comb 29 MPG,4-Cylinder Turbo,Gasoline,Continuously Variable Automatic,All wheel drive,Four Door
Used 2017 Honda Accord Hybrid Sedan,"86,982",Sedan,White Orchid Pearl,Ivory,Gas - City 49/Hwy 47/Comb 48 MPG,4-Cylinder,Hybrid Gas/Electric,Continuously Variable Automatic,2 wheel drive - front,Four Door
Used 2018 Honda Accord 2.0T Touring,"8,998",Sedan,Black,Black,City 29/Hwy 35/Comb 31 MPG,4-Cylinder Turbo,Gasoline,10-Speed Automatic,2 wheel drive - front,Four Door
Used 2017 Honda Civic Type R Hatchback,"11,396",Hatchback,Black,Red,City 22/Hwy 28/Comb 25 MPG,4-Cylinder Turbo,Gasoline,6-Speed Manual,2 wheel drive - front,Four Door
Used 2019 Honda Ridgeline AWD RTL-T,"2,772",Truck,Deep Scarlet Pearl,Beige,City 18/Hwy 25/Comb 21 MPG,6-Cylinder,Gasoline,6-Speed Automatic,4 wheel drive - front wheel default,Four Door
Used 2018 Honda Civic Type R Hatchback,"4,115",Hatchback,Dk. Gray,Black,City 22/Hwy 28/Comb 25 MPG,4-Cylinder Turbo,Gasoline,6-Speed Manual,2 wheel drive - front,Four Door
Used 2019 Honda Pilot 4WD Elite,"12,676",Sport Utility,Crystal Black Pearl,Black,City 19/Hwy 26/Comb 22 MPG,6-Cylinder,Gasoline,9-Speed Automatic,All wheel drive,Four Door
Used 2003 Honda Accord EX V6 Coupe,"122,015",Coupe,Taffeta White,Tan,City 19/Hwy 27/Comb 22 MPG,6-Cylinder,Gasoline,6-Speed Manual,2 wheel drive - front,Two Door
Used 2007 Honda Civic EX Sedan,"169,831",Sedan,Royal Blue Pearl,Gray,City 25/Hwy 36/Comb 29 MPG,4-Cylinder,Gasoline,5-Speed Automatic,2 wheel drive - front,Four Door
Used 2015 Honda Pilot FWD EX-L,"74,412",Sport Utility,Modern Steel Metallic,Gray,City 17/Hwy 24/Comb 20 MPG,6-Cylinder,Gasoline,5-Speed Automatic,2 wheel drive - front,Four Door
Used 2003 Honda Accord EX-L,"107,009",Coupe,Graphite Pearl,Black,City 19/Hwy 27/Comb 22 MPG,4-Cylinder,Gasoline,5-Speed Manual,2 wheel drive - front,Two Door
Used 2008 Honda Civic EX Coupe,"132,356",Coupe,Nighthawk Black Pearl,Gray,City 25/Hwy 36/Comb 29 MPG,4-Cylinder,Gasoline,5-Speed Automatic,2 wheel drive - front,Two Door
Used 2008 Honda Element EX,"185,111",Sport Utility,Galaxy Gray Metallic,Black,City 19/Hwy 24/Comb 21 MPG,4-Cylinder,Gasoline,5-Speed Automatic,4 wheel drive,Two Door
Used 2007 Honda CR-V EX,"127,071",Sport Utility,Black,Gray,City 19/Hwy 26/Comb 22 MPG,4-Cylinder,Gasoline,5-Speed Automatic,2 wheel drive - front,Four Door
Used 2006 Honda Pilot EX-L w/ Navigation,"124,181",Sport Utility,Sage Brush Pearl,Gray,City 15/Hwy 20/Comb 17 MPG,6-Cylinder,Gasoline,5-Speed Automatic,4 wheel drive,Four Door
Used 2012 Honda Accord SE Sedan,"154,126",Sedan,No Color,No Color,City 23/Hwy 34/Comb 27 MPG,4-Cylinder,Gasoline,5-Speed Automatic,2 wheel drive - front,Four Door
Used 2011 Honda Fit Sport,"90,272",Hatchback,White,Black,City 27/Hwy 33/Comb 30 MPG,4-Cylinder,Gasoline,5-Speed Manual,2 wheel drive - front,Four Door
Used 2015 Honda Civic LX Sedan,"114,285",Sedan,Crystal Black Pearl,Gray,City 30/Hwy 39/Comb 33 MPG,4-Cylinder,Gasoline,Continuously Variable Automatic,2 wheel drive - front,Four Door
Used 2013 Honda Crosstour EX,"102,150",Hatchback,Crystal Black Pearl,Black,City 20/Hwy 30/Comb 23 MPG,4-Cylinder,Gasoline,5-Speed Automatic,2 wheel drive - front,Four Door
Used 2013 Honda Fit Sport,"61,157",Hatchback,Silver,Black,City 28/Hwy 35/Comb 31 MPG,4-Cylinder,Gasoline,5-Speed Automatic,2 wheel drive - front,Four Door
Used 2013 Honda Civic EX Sedan,"81,217",Sedan,Brown,Beige,City 28/Hwy 39/Comb 32 MPG,4-Cylinder,Gasoline,5-Speed Automatic,2 wheel drive - front,Four Door
Used 2012 Honda Accord EX Coupe,"57,096",Coupe,Taffeta White,Ivory,City 22/Hwy 33/Comb 26 MPG,4-Cylinder,Gasoline,5-Speed Automatic,2 wheel drive - front,Two Door
Used 2008 Honda Ridgeline RTL,"102,251",Truck,Titanium,Gray,City 15/Hwy 20/Comb 17 MPG,6-Cylinder,Gasoline,5-Speed Automatic,4 wheel drive - front wheel default,Four Door
Used 2014 Honda Accord EX Sedan,"55,404",Sedan,White,Beige,City 27/Hwy 36/Comb 30 MPG,4-Cylinder,Gasoline,Continuously Variable Automatic,2 wheel drive - front,Four Door
Used 2014 Honda Accord Sport Sedan,"96,600",Sedan,White Orchid Pearl,Black,City 26/Hwy 34/Comb 29 MPG,4-Cylinder,Gasoline,Continuously Variable Automatic,2 wheel drive - front,Four Door
Certified 2016 Honda Fit EX,"53,220",Hatchback,Alabaster Silver Metallic,Black,City 32/Hwy 38/Comb 35 MPG,4-Cylinder,Gasoline,Continuously Variable Automatic,2 wheel drive - front,Four Door
Used 2015 Honda Fit,"45,724",Hatchback,Silver,Black,City 32/Hwy 38/Comb 35 MPG,4-Cylinder,Gasoline,Continuously Variable Automatic,2 wheel drive - front,Four Door
Used 2016 Honda Fit EX,"47,378",Hatchback,Modern Steel Metallic,Black,City 32/Hwy 38/Comb 35 MPG,4-Cylinder,Gasoline,Continuously Variable Automatic,2 wheel drive - front,Four Door
Used 2014 Honda CR-V FWD LX,"55,948",Sport Utility,Brown,Black,City 22/Hwy 30/Comb 25 MPG,4-Cylinder,Gasoline,5-Speed Automatic,2 wheel drive - front,Four Door
Used 2009 Honda Ridgeline RTL,"95,824",Truck,Silver,No Color,City 15/Hwy 20/Comb 17 MPG,6-Cylinder,Gasoline,5-Speed Automatic,4 wheel drive - front wheel default,Four Door
Used 2012 Honda Pilot 4WD EX-L,"112,122",Sport Utility,Polished Metal Metallic,Black,City 17/Hwy 24/Comb 20 MPG,6-Cylinder,Gasoline,5-Speed Automatic,4 wheel drive,Four Door
Used 2016 Honda Civic LX Sedan,"24,110",Sedan,Cosmic Blue Metallic,,City 31/Hwy 41/Comb 35 MPG,4-Cylinder,Gasoline,Continuously Variable Automatic,2 wheel drive - front,Four Door
Used 2015 Honda Odyssey LX,"64,939",Van,Alabaster Silver Metallic,Gray,City 19/Hwy 28/Comb 22 MPG,6-Cylinder,Gasoline,6-Speed Automatic,2 wheel drive - front,Four Door
Used 2015 Honda Civic Si Sedan,"76,335",Sedan,Crystal Black Pearl,Black/Red,City 22/Hwy 31/Comb 25 MPG,4-Cylinder,Gasoline,6-Speed Manual,2 wheel drive - front,Four Door
Used 2017 Honda Civic LX Sedan,"33,203",Sedan,,,City 31/Hwy 40/Comb 34 MPG,4-Cylinder,Gasoline,Continuously Variable Automatic,2 wheel drive - front,Four Door
Used 2015 Honda Accord LX Sedan,"34,852",Sedan,,,City 27/Hwy 36/Comb 31 MPG,4-Cylinder,Gasoline,Continuously Variable Automatic,2 wheel drive - front,Four Door
Used 2017 Honda Civic LX Coupe,"31,152",Coupe,Gray,Black,City 30/Hwy 39/Comb 34 MPG,4-Cylinder,Gasoline,Continuously Variable Automatic,2 wheel drive - front,Two Door
Used 2010 Honda CR-V LX,"109,507",Sport Utility,Urban Titanium Metallic,Black,City 21/Hwy 27/Comb 23 MPG,4-Cylinder,Gasoline,5-Speed Automatic,2 wheel drive - front,Four Door
Used 2015 Honda Accord EX Coupe,"42,635",Coupe,Crystal Black Pearl,Black,City 26/Hwy 35/Comb 29 MPG,4-Cylinder,Gasoline,Continuously Variable Automatic,2 wheel drive - front,Two Door
Used 2016 Honda CR-V FWD LX,"32,158",Sport Utility,Black,Black,City 25/Hwy 31/Comb 27 MPG,4-Cylinder,Gasoline,Continuously Variable Automatic,2 wheel drive - front,Four Door
Used 2016 Honda Civic LX Sedan,"18,858",Sedan,Brown,,City 31/Hwy 41/Comb 35 MPG,4-Cylinder,Gasoline,Continuously Variable Automatic,2 wheel drive - front,Four Door
Used 2017 Honda Fit EX,"15,302",Hatchback,White Orchid Pearl,Black,City 32/Hwy 37/Comb 34 MPG,4-Cylinder,Gasoline,6-Speed Manual,2 wheel drive - front,Four Door
Used 2015 Honda Odyssey EX,"70,717",Van,Gray,Gray,City 19/Hwy 28/Comb 22 MPG,6-Cylinder,Gasoline,6-Speed Automatic,2 wheel drive - front,Four Door
Used 2015 Honda CR-V FWD LX,"37,596",Sport Utility,Black,No Color,City 26/Hwy 33/Comb 28 MPG,4-Cylinder,Gasoline,Continuously Variable Automatic,2 wheel drive - front,Four Door
Used 2016 Honda HR-V FWD EX,"27,881",Sport Utility,Alabaster Silver Metallic,,City 27/Hwy 32/Comb 29 MPG,4-Cylinder,Gasoline,Continuously Variable Automatic,2 wheel drive - front,Four Door
Used 2017 Honda Accord EX Sedan,"30,949",Sedan,White Orchid Pearl,Ivory W Seat Trim,City 27/Hwy 36/Comb 30 MPG,4-Cylinder,Gasoline,Continuously Variable Automatic,2 wheel drive - front,Four Door
Used 2017 Honda Accord LX Sedan,"37,304",Sedan,Modern Steel Metallic,Gray,City 27/Hwy 36/Comb 30 MPG,4-Cylinder,Gasoline,Continuously Variable Automatic,2 wheel drive - front,Four Door
Used 2017 Honda Civic EX Sedan,"25,636",Sedan,White,Black,City 31/Hwy 40/Comb 34 MPG,4-Cylinder,Gasoline,Continuously Variable Automatic,2 wheel drive - front,Four Door
Used 2016 Honda CR-V FWD EX,"40,035",Sport Utility,Kona Coffee Metallic,Beige,City 25/Hwy 31/Comb 27 MPG,4-Cylinder,Gasoline,Continuously Variable Automatic,2 wheel drive - front,Four Door
Used 2016 Honda Accord Sport Sedan,"26,554",Sedan,White Orchid Pearl,,City 26/Hwy 35/Comb 30 MPG,4-Cylinder,Gasoline,Continuously Variable Automatic,2 wheel drive - front,Four Door
Used 2010 Honda Ridgeline RTS,"67,192",Truck,Burgundy,Gray,City 15/Hwy 20/Comb 17 MPG,6-Cylinder,Gasoline,5-Speed Automatic,4 wheel drive,Four Door
Used 2015 Honda Civic Si Coupe,"42,346",Coupe,White,Black,City 22/Hwy 31/Comb 25 MPG,4-Cylinder,Gasoline,6-Speed Manual,2 wheel drive - front,Two Door
Used 2016 Honda Civic Touring Sedan,"34,274",Sedan,Black,Black,35 MPG Combined,4-Cylinder Turbo,Gasoline,Continuously Variable Automatic,2 wheel drive - front,Four Door
Used 2017 Honda HR-V FWD EX,"57,985",Sport Utility,Mulberry Metallic,Black,City 27/Hwy 31/Comb 29 MPG,4-Cylinder,Gasoline,Continuously Variable Automatic,2 wheel drive - front,Four Door
Used 2015 Honda Pilot 4WD Touring,"116,569",Sport Utility,White,Gray,City 17/Hwy 24/Comb 20 MPG,6-Cylinder,Gasoline,5-Speed Automatic,4 wheel drive,Four Door
Used 2019 Honda Accord 1.5T LX,"5,894",Sedan,Lunar Silver Metallic,,City 30/Hwy 38/Comb 33 MPG,4-Cylinder Turbo,Gasoline,Continuously Variable Automatic,2 wheel drive - front,Four Door
Used 2016 Honda CR-V AWD EX,"22,691",Sport Utility,,,City 25/Hwy 31/Comb 27 MPG,4-Cylinder,Gasoline,Continuously Variable Automatic,All wheel drive,Four Door
Used 2012 Honda Pilot 4WD Touring,"105,961",Sport Utility,Crystal Black Pearl,Black,City 17/Hwy 24/Comb 20 MPG,6-Cylinder,Gasoline,5-Speed Automatic,4 wheel drive,Four Door
Used 2017 Honda Accord Sport Sedan,"35,870",Sedan,Lunar Silver Metallic,Black,City 26/Hwy 34/Comb 29 MPG,4-Cylinder,Gasoline,Continuously Variable Automatic,2 wheel drive - front,Four Door
Used 2018 Honda Civic EX Hatchback,"14,039",Hatchback,Black,Black,City 31/Hwy 40/Comb 34 MPG,4-Cylinder Turbo,Gasoline,Continuously Variable Automatic,2 wheel drive - front,Four Door
Certified 2017 Honda CR-V AWD LX,"25,791",Sport Utility,Red,Gray,City 25/Hwy 31/Comb 27 MPG,4-Cylinder,Gasoline,Continuously Variable Automatic,All wheel drive,Four Door
Certified 2015 Honda Pilot FWD EX,"63,715",Sport Utility,Taffeta White,Gray,City 17/Hwy 24/Comb 20 MPG,6-Cylinder,Gasoline,5-Speed Automatic,2 wheel drive - front,Four Door
Used 2018 Honda Accord 1.5T Sport,"17,183",Sedan,Black,Black,City 29/Hwy 35/Comb 31 MPG,4-Cylinder Turbo,Gasoline,Continuously Variable Automatic,2 wheel drive - front,Four Door
Used 2016 Honda Pilot EX-L,"70,519",Sport Utility,White Diamond Pearl,Gray,City 18/Hwy 26/Comb 21 MPG,6-Cylinder,Gasoline,6-Speed Automatic,2 wheel drive - front,Four Door
Used 2018 Honda HR-V AWD EX-L w/ Navigation,"3,465",Sport Utility,Gray,Black,City 27/Hwy 31/Comb 29 MPG,4-Cylinder,Gasoline,Continuously Variable Automatic,All wheel drive,Four Door
Used 2017 Honda Ridgeline 2WD RTL,"30,214",Truck,Blue,Gray,City 18/Hwy 25/Comb 21 MPG,6-Cylinder,Gasoline,6-Speed Automatic,2 wheel drive - front,Four Door
Used 2017 Honda CR-V FWD EX-L,"24,883",Sport Utility,Tan,Tan,City 27/Hwy 33/Comb 29 MPG,4-Cylinder Turbo,Gasoline,Continuously Variable Automatic,2 wheel drive - front,Four Door
Used 2017 Honda CR-V FWD EX-L,"37,246",Sport Utility,Gunmetal Metallic,Gray,City 27/Hwy 33/Comb 29 MPG,4-Cylinder Turbo,Gasoline,Continuously Variable Automatic,2 wheel drive - front,Four Door
Used 2019 Honda Accord 1.5T Sport,"6,900",Sedan,Red,Black,City 29/Hwy 35/Comb 31 MPG,4-Cylinder Turbo,Gasoline,Continuously Variable Automatic,2 wheel drive - front,Four Door
Used 2017 Honda Ridgeline RTS,"36,036",Truck,Lunar Silver Metallic,Black,City 18/Hwy 25/Comb 21 MPG,6-Cylinder,Gasoline,6-Speed Automatic,2 wheel drive - front,Four Door
Used 2016 Honda Pilot EX-L,"40,806",Sport Utility,Modern Steel,Gray,City 18/Hwy 26/Comb 21 MPG,6-Cylinder,Gasoline,6-Speed Automatic,2 wheel drive - front,Four Door
Used 2015 Honda Pilot FWD EX-L,"23,452",Sport Utility,Gray,No Color,City 17/Hwy 24/Comb 20 MPG,6-Cylinder,Gasoline,5-Speed Automatic,2 wheel drive - front,Four Door
Used 2017 Honda Accord EX-L Sedan,"5,380",Sedan,Silver,Gray,City 27/Hwy 36/Comb 30 MPG,4-Cylinder,Gasoline,Continuously Variable Automatic,2 wheel drive - front,Four Door
Used 2018 Honda Accord 1.5T Sport,"7,683",Sedan,Silver,Black,City 29/Hwy 35/Comb 31 MPG,4-Cylinder Turbo,Gasoline,Continuously Variable Automatic,2 wheel drive - front,Four Door
Used 2017 Honda Ridgeline AWD RTL-T,"52,239",Truck,Charcoal,Black,City 18/Hwy 25/Comb 21 MPG,6-Cylinder,Gasoline,6-Speed Automatic,4 wheel drive - front wheel default,Four Door
Certified 2017 Honda CR-V FWD Touring,"9,070",Sport Utility,Modern Steel Metallic,,City 27/Hwy 33/Comb 29 MPG,4-Cylinder Turbo,Gasoline,Continuously Variable Automatic,2 wheel drive - front,Four Door
Certified 2017 Honda Ridgeline AWD RTL,"32,026",Truck,Crystal Black Pearl,Black,City 18/Hwy 25/Comb 21 MPG,6-Cylinder,Gasoline,6-Speed Automatic,4 wheel drive - front wheel default,Four Door
Used 2018 Honda Accord 1.5T Touring,"10,339",Sedan,Silver,Black,City 29/Hwy 35/Comb 31 MPG,4-Cylinder Turbo,Gasoline,Continuously Variable Automatic,2 wheel drive - front,Four Door
Used 2014 Honda Ridgeline SE,"35,894",Truck,Silver,Black,City 15/Hwy 21/Comb 17 MPG,6-Cylinder,Gasoline,5-Speed Automatic,4 wheel drive - front wheel default,Four Door
Used 2016 Honda Pilot 4WD Elite,"33,880",Sport Utility,Gray,Gray,City 19/Hwy 26/Comb 21 MPG,6-Cylinder,Gasoline,9-Speed Automatic,All wheel drive,Four Door
Used 2017 Honda Ridgeline AWD Black Edition,"15,468",Truck,Crystal Black Pearl,Black,City 18/Hwy 25/Comb 21 MPG,6-Cylinder,Gasoline,6-Speed Automatic,All wheel drive,Four Door
Used 2017 Honda Civic EX Sedan,"3,816",Sedan,Gray,Gray,City 31/Hwy 40/Comb 34 MPG,4-Cylinder,Gasoline,Continuously Variable Automatic,2 wheel drive - front,Four Door
Used 2017 Honda Pilot 4WD Elite,"39,326",Sport Utility,Black,Gray,City 19/Hwy 26/Comb 22 MPG,6-Cylinder,Gasoline,9-Speed Automatic,All wheel drive,Four Door
Used 2018 Honda Civic Type R Hatchback,"4,939",Hatchback,Red,Black,City 22/Hwy 28/Comb 25 MPG,4-Cylinder Turbo,Gasoline,6-Speed Manual,2 wheel drive - front,Four Door
Used 2002 Honda Civic LX,"134,353",Coupe,Nighthawk Black Pearl,Gray,City 26/Hwy 34/Comb 29 MPG,4-Cylinder,Gasoline,5-Speed Manual,2 wheel drive - front,Two Door
Used 2019 Honda CR-V FWD EX,"1,019",Sport Utility,Gunmetal Metallic,Gray,City 27/Hwy 33/Comb 29 MPG,4-Cylinder Turbo,Gasoline,Continuously Variable Automatic,2 wheel drive - front,Four Door
Used 2003 Honda Civic EX Coupe,"153,634",Coupe,Gray,Black,City 26/Hwy 34/Comb 29 MPG,4-Cylinder,Gasoline,4-Speed Automatic,2 wheel drive - front,Two Door
Used 2004 Honda Civic EX Sedan,"150,823",Sedan,Silver,Gray,City 25/Hwy 34/Comb 29 MPG,4-Cylinder,Gasoline,5-Speed Manual,2 wheel drive - front,Four Door
Used 2002 Honda Accord SE Coupe,"100,621",Coupe,Black,Black,City 20/Hwy 28/Comb 23 MPG,4-Cylinder,Gasoline,4-Speed Automatic,2 wheel drive - front,Two Door
Used 2004 Honda Accord EX V6 Sedan,"133,142",Sedan,Blue,Gray,City 18/Hwy 27/Comb 22 MPG,6-Cylinder,Gasoline,5-Speed Automatic,2 wheel drive - front,Four Door
Used 2005 Honda Accord EX-L,"104,767",Coupe,Satin Silver Metallic,Black,City 19/Hwy 28/Comb 22 MPG,4-Cylinder,Gasoline,5-Speed Manual,2 wheel drive - front,Two Door
Used 2004 Honda Accord EX Sedan,"144,146",Sedan,Eternal Blue Pearl,Gray,City 21/Hwy 31/Comb 24 MPG,4-Cylinder,Gasoline,5-Speed Automatic,2 wheel drive - front,Four Door
Used 2005 Honda Civic EX Sedan,"105,860",Sedan,Shoreline Mist Metallic,Ivory,City 26/Hwy 35/Comb 30 MPG,4-Cylinder,Gasoline,4-Speed Automatic,2 wheel drive - front,Four Door
Used 2017 Honda Civic EX-T Sedan,"41,712",Sedan,Silver,Other,City 32/Hwy 42/Comb 36 MPG,4-Cylinder Turbo,Gasoline,Continuously Variable Automatic,2 wheel drive - front,Four Door
Used 2010 Honda Civic LX-S Sedan,"166,709",Sedan,Polished Metal Metallic,Black,City 25/Hwy 36/Comb 29 MPG,4-Cylinder,Gasoline,5-Speed Automatic,2 wheel drive - front,Four Door
Used 2012 Honda Civic LX Coupe,"88,996",Coupe,Silver,Gray,City 28/Hwy 39/Comb 32 MPG,4-Cylinder,Gasoline,5-Speed Automatic,2 wheel drive - front,Two Door
Used 2007 Honda CR-V LX,"97,003",Sport Utility,Royal Blue Pearl,,City 19/Hwy 26/Comb 22 MPG,4-Cylinder,Gasoline,5-Speed Automatic,2 wheel drive - front,Four Door
Used 2008 Honda CR-V EX-L,"93,412",Sport Utility,Royal Blue Pearl,Black,City 20/Hwy 26/Comb 22 MPG,4-Cylinder,Gasoline,5-Speed Automatic,2 wheel drive - front,Four Door
Used 2013 Honda Fit,"35,683",Hatchback,Blue,Gray,City 28/Hwy 35/Comb 31 MPG,4-Cylinder,Gasoline,5-Speed Automatic,2 wheel drive - front,Four Door
Used 2010 Honda CR-V LX,"98,613",Sport Utility,Black,Gray,City 21/Hwy 27/Comb 23 MPG,4-Cylinder,Gasoline,5-Speed Automatic,2 wheel drive - front,Four Door
Used 2010 Honda Pilot Touring,"166,886",Sport Utility,Red,Gray,City 16/Hwy 22/Comb 18 MPG,6-Cylinder,Gasoline,5-Speed Automatic,4 wheel drive,Four Door
Used 2006 Honda Ridgeline RTS,"131,520",Truck,Steel Blue Metallic,Gray,City 15/Hwy 20/Comb 17 MPG,6-Cylinder,Gasoline,5-Speed Automatic,4 wheel drive,Four Door
Used 2014 Honda Civic EX Sedan,"98,292",Sedan,Crystal Black Pearl,Black,City 30/Hwy 39/Comb 33 MPG,4-Cylinder,Gasoline,Continuously Variable Automatic,2 wheel drive - front,Four Door
Used 2017 Honda Civic LX Sedan,"115,733",Sedan,Black,Black,City 31/Hwy 40/Comb 34 MPG,4-Cylinder,Gasoline,Continuously Variable Automatic,2 wheel drive - front,Four Door
Used 2015 Honda Civic LX Coupe,"92,295",Coupe,Silver,Gray,City 30/Hwy 39/Comb 33 MPG,4-Cylinder,Gasoline,Continuously Variable Automatic,2 wheel drive - front,Two Door
Used 2012 Honda Civic EX Sedan,"63,032",Sedan,Gray,Gray,City 28/Hwy 39/Comb 32 MPG,4-Cylinder,Gasoline,5-Speed Automatic,2 wheel drive - front,Four Door
Used 2011 Honda Accord EX-L V6 w/ Navigation,"69,502",Coupe,Crystal Black Pearl,Black,City 22/Hwy 33/Comb 26 MPG,6-Cylinder,Gasoline,5-Speed Shiftable Automatic,2 wheel drive - front,Two Door
Used 2014 Honda Accord LX Sedan,"65,862",Sedan,Gray,Black,City 27/Hwy 36/Comb 30 MPG,4-Cylinder,Gasoline,Continuously Variable Automatic,2 wheel drive - front,Four Door
Used 2016 Honda Fit LX,"33,727",Hatchback,Crystal Black Pearl,Black,City 33/Hwy 41/Comb 36 MPG,4-Cylinder,Gasoline,Continuously Variable Automatic,2 wheel drive - front,Four Door
Used 2017 Honda HR-V FWD EX,"57,985",Sport Utility,Mulberry Metallic,Black,City 27/Hwy 31/Comb 29 MPG,4-Cylinder,Gasoline,Continuously Variable Automatic,2 wheel drive - front,Four Door
Used 2013 Honda CR-Z,"39,986",Hatchback,Dk. Gray,Black,Gas - City 36/Hwy 39/Comb 37 MPG,4-Cylinder,Hybrid Gas/Electric,Continuously Variable Automatic,2 wheel drive - front,Two Door
Used 2016 Honda Civic EX Sedan,"47,705",Sedan,Black,Black,City 31/Hwy 41/Comb 35 MPG,4-Cylinder,Gasoline,Continuously Variable Automatic,2 wheel drive - front,Four Door
Used 2016 Honda Civic LX Coupe,"49,173",Coupe,Gray,Gray,City 30/Hwy 41/Comb 34 MPG,4-Cylinder,Gasoline,6-Speed Manual,2 wheel drive - front,Two Door
Used 2012 Honda Pilot 4WD Touring,"105,961",Sport Utility,Crystal Black Pearl,Black,City 17/Hwy 24/Comb 20 MPG,6-Cylinder,Gasoline,5-Speed Automatic,4 wheel drive,Four Door
Used 2011 Honda Accord EX-L,"88,894",Sedan,White,Tan,City 23/Hwy 34/Comb 27 MPG,6-Cylinder,Gasoline,5-Speed Automatic,2 wheel drive - front,Four Door
Used 2016 Honda Civic LX Sedan,"48,416",Sedan,Black,Gray,City 31/Hwy 41/Comb 35 MPG,4-Cylinder,Gasoline,Continuously Variable Automatic,2 wheel drive - front,Four Door
Used 2016 Honda Civic LX Sedan,"40,384",Sedan,Blue,,City 31/Hwy 41/Comb 35 MPG,4-Cylinder,Gasoline,Continuously Variable Automatic,2 wheel drive - front,Four Door
Used 2016 Honda Fit EX,"31,950",Hatchback,White Orchid Pearl,Black,City 32/Hwy 38/Comb 35 MPG,4-Cylinder,Gasoline,Continuously Variable Automatic,2 wheel drive - front,Four Door
Used 2017 Honda Civic LX Sedan,"42,885",Sedan,Modern Steel Metallic,Black,City 31/Hwy 40/Comb 34 MPG,4-Cylinder,Gasoline,Continuously Variable Automatic,2 wheel drive - front,Four Door
Used 2017 Honda HR-V FWD LX,"50,516",Sport Utility,Black,Black,City 28/Hwy 34/Comb 31 MPG,4-Cylinder,Gasoline,Continuously Variable Automatic,2 wheel drive - front,Four Door
Used 2016 Honda Civic LX Sedan,"36,489",Sedan,Modern Steel Metallic,,City 31/Hwy 41/Comb 35 MPG,4-Cylinder,Gasoline,Continuously Variable Automatic,2 wheel drive - front,Four Door
Used 2017 Honda Ridgeline 2WD RTL,"30,214",Truck,Blue,Gray,City 18/Hwy 25/Comb 21 MPG,6-Cylinder,Gasoline,6-Speed Automatic,2 wheel drive - front,Four Door
Used 2012 Honda Odyssey EX-L,"81,000",Van,Gray,Gray,City 18/Hwy 27/Comb 21 MPG,6-Cylinder,Gasoline,5-Speed Automatic,2 wheel drive - front,Four Door
Used 2012 Honda Accord EX Sedan,"30,845",Sedan,Gray,Gray,City 23/Hwy 34/Comb 27 MPG,4-Cylinder,Gasoline,5-Speed Automatic,2 wheel drive - front,Four Door
Used 2016 Honda Civic LX Sedan,"22,666",Sedan,Crystal Black Pearl,,City 31/Hwy 41/Comb 35 MPG,4-Cylinder,Gasoline,Continuously Variable Automatic,2 wheel drive - front,Four Door
Used 2016 Honda Civic LX Sedan,"26,523",Sedan,Taffeta White,,City 31/Hwy 41/Comb 35 MPG,4-Cylinder,Gasoline,Continuously Variable Automatic,2 wheel drive - front,Four Door
Used 2015 Honda CR-V FWD LX,"40,885",Sport Utility,Crystal Black Pearl,,City 26/Hwy 33/Comb 28 MPG,4-Cylinder,Gasoline,Continuously Variable Automatic,2 wheel drive - front,Four Door
Used 2016 Honda Accord LX Sedan,"40,770",Sedan,Basque Red Pearl Ii,,City 27/Hwy 37/Comb 31 MPG,4-Cylinder,Gasoline,Continuously Variable Automatic,2 wheel drive - front,Four Door
Used 2018 Honda Civic LX Sedan,"22,076",Sedan,Crystal Black Pearl,Black,City 31/Hwy 40/Comb 34 MPG,4-Cylinder,Gasoline,Continuously Variable Automatic,2 wheel drive - front,Four Door
Used 2016 Honda Civic EX Sedan,"36,021",Sedan,Rallye Red,,City 31/Hwy 41/Comb 35 MPG,4-Cylinder,Gasoline,Continuously Variable Automatic,2 wheel drive - front,Four Door
Used 2018 Honda Civic LX Sedan,"20,817",Sedan,Purple,Beige,City 31/Hwy 40/Comb 34 MPG,4-Cylinder,Gasoline,Continuously Variable Automatic,2 wheel drive - front,Four Door
Used 2013 Honda CR-V AWD EX,"64,514",Sport Utility,Black,Black,City 22/Hwy 30/Comb 25 MPG,4-Cylinder,Gasoline,5-Speed Automatic,All wheel drive,Four Door
Used 2016 Honda Civic EX-T Sedan,"35,417",Sedan,Black,No Color,35 MPG Combined,4-Cylinder Turbo,Gasoline,Continuously Variable Automatic,2 wheel drive - front,Four Door
Used 2017 Honda Civic EX Sedan,"32,558",Sedan,Blue,Gray,City 31/Hwy 40/Comb 34 MPG,4-Cylinder,Gasoline,Continuously Variable Automatic,2 wheel drive - front,Four Door
Used 2016 Honda CR-V FWD LX,"35,168",Sport Utility,,,City 25/Hwy 31/Comb 27 MPG,4-Cylinder,Gasoline,Continuously Variable Automatic,2 wheel drive - front,Four Door
Used 2017 Honda Civic LX Sedan,"20,793",Sedan,,,City 31/Hwy 40/Comb 34 MPG,4-Cylinder,Gasoline,Continuously Variable Automatic,2 wheel drive - front,Four Door
Used 2016 Honda Civic EX Sedan,"34,862",Sedan,Crystal Black Pearl,,City 31/Hwy 41/Comb 35 MPG,4-Cylinder,Gasoline,Continuously Variable Automatic,2 wheel drive - front,Four Door
Used 2017 Honda HR-V FWD EX,"57,985",Sport Utility,Mulberry Metallic,Black,City 27/Hwy 31/Comb 29 MPG,4-Cylinder,Gasoline,Continuously Variable Automatic,2 wheel drive - front,Four Door
Used 2016 Honda Accord EX Sedan,"46,801",Sedan,Black,Black,City 27/Hwy 37/Comb 31 MPG,4-Cylinder,Gasoline,Continuously Variable Automatic,2 wheel drive - front,Four Door
Used 2016 Honda Civic LX Sedan,"39,730",Sedan,White Orchid Pearl,Black/Ivory,City 31/Hwy 41/Comb 35 MPG,4-Cylinder,Gasoline,Continuously Variable Automatic,2 wheel drive - front,Four Door
Used 2012 Honda CR-V AWD EX-L,"43,118",Sport Utility,White,Beige,City 22/Hwy 30/Comb 25 MPG,4-Cylinder,Gasoline,5-Speed Automatic,All wheel drive,Four Door
Used 2012 Honda Pilot 4WD Touring,"105,961",Sport Utility,Crystal Black Pearl,Black,City 17/Hwy 24/Comb 20 MPG,6-Cylinder,Gasoline,5-Speed Automatic,4 wheel drive,Four Door
Used 2017 Honda Accord Sport Special Edition Sedan,"65,474",Sedan,Maroon,Black,City 26/Hwy 34/Comb 29 MPG,4-Cylinder,Gasoline,Continuously Variable Automatic,2 wheel drive - front,Four Door
Used 2016 Honda Civic EX-T Sedan,"22,312",Sedan,Modern Steel Metallic,,35 MPG Combined,4-Cylinder Turbo,Gasoline,Continuously Variable Automatic,2 wheel drive - front,Four Door
Used 2018 Honda Civic LX-P Coupe,"15,376",Coupe,Gray,Gray,City 30/Hwy 39/Comb 34 MPG,4-Cylinder,Gasoline,Continuously Variable Automatic,2 wheel drive - front,Two Door
Used 2017 Honda Civic EX-T Sedan,"35,423",Sedan,White,Black,City 32/Hwy 42/Comb 36 MPG,4-Cylinder Turbo,Gasoline,6-Speed Manual,2 wheel drive - front,Four Door
Used 2017 Honda Accord Sport Sedan,"57,742",Sedan,White,Black,City 26/Hwy 34/Comb 29 MPG,4-Cylinder,Gasoline,Continuously Variable Automatic,2 wheel drive - front,Four Door
Used 2016 Honda Accord Sport Sedan,"71,841",Sedan,Basque Red Pearl Ii,Black,City 26/Hwy 35/Comb 30 MPG,4-Cylinder,Gasoline,Continuously Variable Automatic,2 wheel drive - front,Four Door
Certified 2016 Honda CR-V FWD LX,"26,788",Sport Utility,Modern Steel Metallic,Gray,City 25/Hwy 31/Comb 27 MPG,4-Cylinder,Gasoline,Continuously Variable Automatic,2 wheel drive - front,Four Door
Used 2017 Honda Ridgeline 2WD RTL,"30,214",Truck,Blue,Gray,City 18/Hwy 25/Comb 21 MPG,6-Cylinder,Gasoline,6-Speed Automatic,2 wheel drive - front,Four Door
Used 2016 Honda Accord EX-L V6 Coupe,"34,714",Coupe,Red,No Color,City 26/Hwy 35/Comb 30 MPG,6-Cylinder,Gasoline,6-Speed Automatic,2 wheel drive - front,Two Door
Used 2016 Honda Civic EX-T Sedan,"31,374",Sedan,Modern Steel Metallic,,35 MPG Combined,4-Cylinder Turbo,Gasoline,Continuously Variable Automatic,2 wheel drive - front,Four Door
Used 2015 Honda Civic Si Coupe,"47,187",Coupe,Taffeta White,Black/Red,City 22/Hwy 31/Comb 25 MPG,4-Cylinder,Gasoline,6-Speed Manual,2 wheel drive - front,Two Door
Used 2016 Honda CR-V FWD SE,"34,653",Sport Utility,Alabaster Silver Metallic,,City 25/Hwy 31/Comb 27 MPG,4-Cylinder,Gasoline,Continuously Variable Automatic,2 wheel drive - front,Four Door
Used 2016 Honda CR-V FWD EX,"35,953",Sport Utility,Crystal Black Pearl,,City 25/Hwy 31/Comb 27 MPG,4-Cylinder,Gasoline,Continuously Variable Automatic,2 wheel drive - front,Four Door
Used 2016 Honda CR-V FWD LX,"29,879",Sport Utility,Modern Steel Metallic,Gray,City 25/Hwy 31/Comb 27 MPG,4-Cylinder,Gasoline,Continuously Variable Automatic,2 wheel drive - front,Four Door
Used 2017 Honda Civic EX-T Sedan,"20,655",Sedan,Gray,Black,City 32/Hwy 42/Comb 36 MPG,4-Cylinder Turbo,Gasoline,Continuously Variable Automatic,2 wheel drive - front,Four Door
Used 2016 Honda CR-V FWD EX,"37,077",Sport Utility,,,City 25/Hwy 31/Comb 27 MPG,4-Cylinder,Gasoline,Continuously Variable Automatic,2 wheel drive - front,Four Door
Used 2018 Honda Civic EX-T Coupe,"24,745",Coupe,White,Gray,City 31/Hwy 40/Comb 35 MPG,4-Cylinder Turbo,Gasoline,Continuously Variable Automatic,2 wheel drive - front,Two Door
Used 2017 Honda Accord Sport Sedan,"44,012",Sedan,Red,Black,City 26/Hwy 34/Comb 29 MPG,4-Cylinder,Gasoline,Continuously Variable Automatic,2 wheel drive - front,Four Door
Used 2016 Honda CR-V FWD EX,"38,284",Sport Utility,,,City 25/Hwy 31/Comb 27 MPG,4-Cylinder,Gasoline,Continuously Variable Automatic,2 wheel drive - front,Four Door
Certified 2019 Honda Civic LX Sedan,"8,410",Sedan,Crystal Black Pearl,Black,City 30/Hwy 38/Comb 33 MPG,4-Cylinder,Gasoline,Continuously Variable Automatic,2 wheel drive - front,Four Door
Certified 2019 Honda Civic LX Sedan,"5,191",Sedan,Silver,Black,City 30/Hwy 38/Comb 33 MPG,4-Cylinder,Gasoline,Continuously Variable Automatic,2 wheel drive - front,Four Door
Certified 2016 Honda Civic Touring Coupe,"17,814",Coupe,Lunar Silver Metallic,Black/Gray,35 MPG Combined,4-Cylinder Turbo,Gasoline,Continuously Variable Automatic,2 wheel drive - front,Two Door
Used 2018 Honda Civic EX Sedan,"14,841",Sedan,Taffeta White,,City 31/Hwy 40/Comb 34 MPG,4-Cylinder,Gasoline,Continuously Variable Automatic,2 wheel drive - front,Four Door
Certified 2019 Honda CR-V FWD LX,"7,779",Sport Utility,Platinum White Pearl,Ivory,City 25/Hwy 31/Comb 27 MPG,4-Cylinder,Gasoline,Continuously Variable Automatic,2 wheel drive - front,Four Door
Used 2018 Honda Accord 1.5T LX,"26,851",Sedan,White,Beige,City 30/Hwy 38/Comb 33 MPG,4-Cylinder Turbo,Gasoline,Continuously Variable Automatic,2 wheel drive - front,Four Door
Used 2018 Honda Civic EX Sedan,"15,121",Sedan,Black,Gray,City 31/Hwy 40/Comb 34 MPG,4-Cylinder,Gasoline,Continuously Variable Automatic,2 wheel drive - front,Four Door
Used 2017 Honda Accord Sport Sedan,"36,774",Sedan,Lunar Silver Metallic,Black,City 26/Hwy 34/Comb 29 MPG,4-Cylinder,Gasoline,Continuously Variable Automatic,2 wheel drive - front,Four Door
Used 2018 Honda Clarity Plug-In Hybrid,"4,732",Sedan,Modern Steel Metallic,Black,Gas - City 44/Hwy 40/Comb 42 MPG | Electric - 110 MPGe Combined,4-Cylinder,Hybrid Gas/Electric,Continuously Variable Automatic,2 wheel drive - front,Four Door
Certified 2016 Honda Civic Touring Coupe,"19,245",Coupe,Rallye Red,Black/Ivory,35 MPG Combined,4-Cylinder Turbo,Gasoline,Continuously Variable Automatic,2 wheel drive - front,Two Door
Certified 2019 Honda Civic LX Coupe,"8,800",Coupe,Aegean Blue Metallic,Black,City 30/Hwy 38/Comb 33 MPG,4-Cylinder,Gasoline,Continuously Variable Automatic,2 wheel drive - front,Two Door
Used 2015 Honda CR-V FWD EX-L,"27,613",Sport Utility,Obsidian Blue Pearl,Gray,City 26/Hwy 33/Comb 28 MPG,4-Cylinder,Gasoline,Continuously Variable Automatic,2 wheel drive - front,Four Door
Certified 2019 Honda Civic Sport Hatchback,"8,932",Hatchback,Black,Black,City 30/Hwy 36/Comb 32 MPG,4-Cylinder Turbo,Gasoline,Continuously Variable Automatic,2 wheel drive - front,Four Door
Used 2016 Honda CR-V AWD EX-L,"38,713",Sport Utility,Maroon,Gray,City 25/Hwy 31/Comb 27 MPG,4-Cylinder,Gasoline,Continuously Variable Automatic,All wheel drive,Four Door
Used 2017 Honda Civic Touring Coupe,"8,933",Coupe,Silver,,,4-Cylinder Turbo,Gasoline,Continuously Variable Automatic,2 wheel drive - front,Two Door
Used 2016 Honda Accord EX-L V6 Sedan,"10,302",Sedan,White,Tan,City 27/Hwy 37/Comb 31 MPG,6-Cylinder,Gasoline,6-Speed Automatic,2 wheel drive - front,Four Door
Used 2010 Honda Element 2WD EX,"150,375",Sport Utility,Silver,Gray,City 19/Hwy 24/Comb 21 MPG,4-Cylinder,Gasoline,5-Speed Automatic,2 wheel drive - front,Two Door
Used 2016 Honda Accord Touring Sedan,"41,842",Sedan,Modern Steel Metallic,Black,,6-Cylinder,Gasoline,6-Speed Automatic,2 wheel drive - front,Four Door
Used 2019 Honda HR-V FWD EX,"4,868",Sport Utility,Silver,Gray,City 27/Hwy 31/Comb 29 MPG,4-Cylinder,Gasoline,Continuously Variable Automatic,2 wheel drive - front,Four Door
Certified 2018 Honda CR-V FWD LX,"9,875",Sport Utility,Black,Black,City 25/Hwy 31/Comb 27 MPG,4-Cylinder,Gasoline,Continuously Variable Automatic,2 wheel drive - front,Four Door
Used 2018 Honda Civic Si Sedan,"27,225",Sedan,White,Black,City 28/Hwy 38/Comb 32 MPG,4-Cylinder Turbo,Gasoline,6-Speed Manual,2 wheel drive - front,Four Door
Used 2016 Honda Odyssey EX,"29,618",Van,Gray,Gray,City 19/Hwy 28/Comb 22 MPG,6-Cylinder,Gasoline,6-Speed Automatic,2 wheel drive - front,Four Door
Used 2016 Honda Accord Touring Sedan,"27,631",Sedan,Gray,Gray,,6-Cylinder,Gasoline,6-Speed Automatic,2 wheel drive - front,Four Door
Used 2018 Honda Accord 1.5T EX-L,"49,297",Sedan,White,Gray,City 30/Hwy 38/Comb 33 MPG,4-Cylinder Turbo,Gasoline,Continuously Variable Automatic,2 wheel drive - front,Four Door
Used 2019 Honda Civic EX-L Sedan,"7,946",Sedan,,,City 32/Hwy 42/Comb 36 MPG,4-Cylinder Turbo,Gasoline,Continuously Variable Automatic,2 wheel drive - front,Four Door
Certified 2019 Honda Civic EX Sedan,"5,499",Sedan,Lava,Black,City 32/Hwy 42/Comb 36 MPG,4-Cylinder Turbo,Gasoline,Continuously Variable Automatic,2 wheel drive - front,Four Door
Certified 2015 Honda Accord Touring Sedan,"25,070",Sedan,Modern Steel Metallic,Gray,,6-Cylinder,Gasoline,6-Speed Automatic,2 wheel drive - front,Four Door
Used 2016 Honda Odyssey EX,"15,384",Van,Red,Red,City 19/Hwy 28/Comb 22 MPG,6-Cylinder,Gasoline,6-Speed Automatic,2 wheel drive - front,Four Door
Used 2018 Honda Accord 1.5T EX,"13,463",Sedan,Lunar Silver Metallic,,City 30/Hwy 38/Comb 33 MPG,4-Cylinder Turbo,Gasoline,Continuously Variable Automatic,2 wheel drive - front,Four Door
Used 2018 Honda Accord 2.0T EX-L,"34,649",Sedan,White,Black,City 30/Hwy 38/Comb 33 MPG,4-Cylinder Turbo,Gasoline,10-Speed Automatic,2 wheel drive - front,Four Door
Used 2019 Honda Civic Si Coupe,"4,530",Coupe,White,Black,City 28/Hwy 38/Comb 32 MPG,4-Cylinder Turbo,Gasoline,6-Speed Manual,2 wheel drive - front,Two Door
Used 2018 Honda CR-V FWD EX,"27,776",Sport Utility,White,Tan,City 27/Hwy 33/Comb 29 MPG,4-Cylinder Turbo,Gasoline,Continuously Variable Automatic,2 wheel drive - front,Four Door
Used 2018 Honda Civic LX Sedan,"22,476",Sedan,White,Other,City 31/Hwy 40/Comb 34 MPG,4-Cylinder,Gasoline,Continuously Variable Automatic,2 wheel drive - front,Four Door
Used 2018 Honda Civic Touring Sedan,"7,408",Sedan,White Orchid Pearl,Black,City 32/Hwy 42/Comb 36 MPG,4-Cylinder Turbo,Gasoline,Continuously Variable Automatic,2 wheel drive - front,Four Door
Used 2017 Honda CR-V FWD EX,"13,648",Sport Utility,Silver,Beige/Tan,City 27/Hwy 33/Comb 29 MPG,4-Cylinder Turbo,Gasoline,Continuously Variable Automatic,2 wheel drive - front,Four Door
Used 2017 Honda CR-V FWD EX-L,"34,825",Sport Utility,Black,Black,City 27/Hwy 33/Comb 29 MPG,4-Cylinder Turbo,Gasoline,Continuously Variable Automatic,2 wheel drive - front,Four Door
Certified 2017 Honda Accord Sport Sedan,"39,732",Sedan,Lunar Silver Metallic,Black,City 26/Hwy 34/Comb 29 MPG,4-Cylinder,Gasoline,Continuously Variable Automatic,2 wheel drive - front,Four Door
Used 2018 Honda Accord 1.5T Sport,"15,078",Sedan,Black,Black,City 29/Hwy 35/Comb 31 MPG,4-Cylinder Turbo,Gasoline,Continuously Variable Automatic,2 wheel drive - front,Four Door
Used 2015 Honda Odyssey EX-L,"30,238",Van,Gray,Gray,City 19/Hwy 28/Comb 22 MPG,6-Cylinder,Gasoline,6-Speed Automatic,2 wheel drive - front,Four Door
Used 2018 Honda Civic Sport Touring Hatchback,"5,295",Hatchback,Lunar Silver Metallic,Black,City 31/Hwy 40/Comb 34 MPG,4-Cylinder Turbo,Gasoline,Continuously Variable Automatic,2 wheel drive - front,Four Door
Certified 2018 Honda Accord 1.5T EX,"3,776",Sedan,Black,Other,City 30/Hwy 38/Comb 33 MPG,4-Cylinder Turbo,Gasoline,Continuously Variable Automatic,2 wheel drive - front,Four Door
Certified 2019 Honda CR-V AWD LX,"4,560",Sport Utility,Obsidian Blue Pearl,Gray,City 25/Hwy 31/Comb 27 MPG,4-Cylinder,Gasoline,Continuously Variable Automatic,All wheel drive,Four Door
Used 2017 Honda Pilot FWD LX,"29,864",Sport Utility,White,Black,City 18/Hwy 26/Comb 21 MPG,6-Cylinder,Gasoline,6-Speed Automatic,2 wheel drive - front,Four Door
Used 2017 Honda Pilot 4WD LX,"24,093",Sport Utility,White,Gray,City 18/Hwy 26/Comb 21 MPG,6-Cylinder,Gasoline,6-Speed Automatic,All wheel drive,Four Door
Used 2018 Honda Civic EX-T Coupe,"5,691",Coupe,Rallye Red,Black/Gray,City 31/Hwy 40/Comb 35 MPG,4-Cylinder Turbo,Gasoline,Continuously Variable Automatic,2 wheel drive - front,Two Door
Certified 2018 Honda Accord 1.5T EX-L,"8,970",Sedan,Platinum White Pearl,Gray,City 30/Hwy 38/Comb 33 MPG,4-Cylinder Turbo,Gasoline,Continuously Variable Automatic,2 wheel drive - front,Four Door
Certified 2018 Honda Pilot FWD EX,"3,815",Sport Utility,Blue,Gray,City 18/Hwy 26/Comb 21 MPG,6-Cylinder,Gasoline,6-Speed Automatic,2 wheel drive - front,Four Door
Certified 2019 Honda Passport FWD EX-L,"2,522",Sport Utility,Blue,Gray,City 19/Hwy 24/Comb 21 MPG,6-Cylinder,Gasoline,9-Speed Automatic,2 wheel drive - front,Four Door
Used 2018 Honda CR-V AWD Touring,"3,783",Sport Utility,Gunmetal Metallic,Gray,City 27/Hwy 33/Comb 29 MPG,4-Cylinder Turbo,Gasoline,Continuously Variable Automatic,All wheel drive,Four Door
Certified 2018 Honda Pilot 4WD EX,"8,330",Sport Utility,Lunar Silver Metallic,Gray,City 18/Hwy 26/Comb 21 MPG,6-Cylinder,Gasoline,6-Speed Automatic,All wheel drive,Four Door
Used 2018 Honda Civic Type R Hatchback,"8,130",Hatchback,Blue,Red,City 22/Hwy 28/Comb 25 MPG,4-Cylinder Turbo,Gasoline,6-Speed Manual,2 wheel drive - front,Four Door
Used 2017 Honda Civic Type R Hatchback,"8,747",Hatchback,Blue,Red,City 31/Hwy 40/Comb 34 MPG,4-Cylinder Turbo,Gasoline,6-Speed Manual,2 wheel drive - front,Four Door
Used 2019 Honda Civic Type R Hatchback,"1,687",Hatchback,White,Red,City 22/Hwy 28/Comb 25 MPG,4-Cylinder Turbo,Gasoline,6-Speed Manual,2 wheel drive - front,Four Door
Used 2005 Honda Civic EX Special Edition,"164,985",Coupe,Satin Silver Metallic,Black,City 26/Hwy 35/Comb 30 MPG,4-Cylinder,Gasoline,5-Speed Manual,2 wheel drive - front,Two Door
Used 2005 Honda Civic VP Sedan,"169,667",Sedan,Rallye Red,Tan,City 25/Hwy 34/Comb 29 MPG,4-Cylinder,Gasoline,4-Speed Automatic,2 wheel drive - front,Four Door
Used 2006 Honda Accord LX Special Edition,"129,721",Sedan,Silver,Gray,City 21/Hwy 31/Comb 25 MPG,4-Cylinder,Gasoline,5-Speed Automatic,2 wheel drive - front,Four Door
Used 2006 Honda Accord LX,"157,122",Sedan,Gold,Gray,City 21/Hwy 31/Comb 25 MPG,4-Cylinder,Gasoline,5-Speed Automatic,2 wheel drive - front,Four Door
Used 2006 Honda Civic LX,"189,169",Sedan,Galaxy Gray Metallic,Gray,City 26/Hwy 36/Comb 30 MPG,4-Cylinder,Gasoline,5-Speed Automatic,2 wheel drive - front,Four Door
Used 2004 Honda Accord LX,"164,050",Sedan,Gray,Black,City 21/Hwy 31/Comb 24 MPG,4-Cylinder,Gasoline,5-Speed Automatic,2 wheel drive - front,Four Door
Used 2006 Honda Civic EX Coupe,"132,446",Coupe,Gray,Black,City 26/Hwy 36/Comb 30 MPG,4-Cylinder,Gasoline,5-Speed Automatic,2 wheel drive - front,Two Door
Used 2014 Honda Civic LX Coupe,"135,273",Coupe,Taffeta White,Gray,City 30/Hwy 39/Comb 33 MPG,4-Cylinder,Gasoline,Continuously Variable Automatic,2 wheel drive - front,Two Door
Used 2006 Honda Odyssey EX,"154,261",Van,Silver Pearl Metallic,Gray,City 17/Hwy 26/Comb 20 MPG,6-Cylinder,Gasoline,5-Speed Automatic,2 wheel drive - front,Four Door
Used 2007 Honda Fit,"110,970",Sedan,Silver,Black,City 27/Hwy 35/Comb 30 MPG,4-Cylinder,Gasoline,5-Speed Automatic,2 wheel drive - front,Four Door
Used 2007 Honda Accord EX Coupe,"130,916",Coupe,Cool Blue Metallic,Gray,City 18/Hwy 26/Comb 21 MPG,4-Cylinder,Gasoline,5-Speed Automatic,2 wheel drive - front,Two Door
Used 2002 Honda S2000,"60,637",Convertible,Silver / Black,Black,City 18/Hwy 24/Comb 20 MPG,4-Cylinder,Gasoline,6-Speed Manual,2 wheel drive - rear,Two Door
Used 2010 Honda Odyssey EX-L w/ RES,"141,333",Van,Alabaster Silver Metallic,Grey,City 16/Hwy 23/Comb 18 MPG,6-Cylinder,Gasoline,5-Speed Automatic,2 wheel drive - front,Four Door
Used 2004 Honda Element 4WD EX,"160,112",Sport Utility,Green,Gray,City 19/Hwy 23/Comb 20 MPG,4-Cylinder,Gasoline,4-Speed Automatic,4 wheel drive,Two Door
Used 2009 Honda Accord LX Sedan,"107,000",Sedan,White,Tan,City 21/Hwy 30/Comb 24 MPG,4-Cylinder,Gasoline,5-Speed Automatic,2 wheel drive - front,Four Door
Used 2013 Honda Fit Sport,"76,712",Hatchback,Purple,,City 28/Hwy 35/Comb 31 MPG,4-Cylinder,Gasoline,5-Speed Manual,2 wheel drive - front,Four Door
Used 2009 Honda Pilot 2WD LX,"141,409",Sport Utility,Gray,Gray,City 16/Hwy 22/Comb 18 MPG,6-Cylinder,Gasoline,5-Speed Automatic,2 wheel drive - front,Four Door
Used 2012 Honda Civic LX Sedan,"76,802",Sedan,Charcoal,Gray,City 28/Hwy 39/Comb 32 MPG,4-Cylinder,Gasoline,5-Speed Automatic,2 wheel drive - front,Four Door
Used 2012 Honda Civic EX-L,"129,258",Sedan,Alabaster Silver Metallic,Gray,City 28/Hwy 39/Comb 32 MPG,4-Cylinder,Gasoline,5-Speed Automatic,2 wheel drive - front,Four Door
Used 2016 Honda Odyssey EX-L,"49,543",Van,Gray,Gray,City 19/Hwy 28/Comb 22 MPG,6-Cylinder,Gasoline,6-Speed Automatic,2 wheel drive - front,Four Door
Used 2013 Honda Civic EX Sedan,"113,986",Sedan,Alabaster Silver Metallic,Beige,City 28/Hwy 39/Comb 32 MPG,4-Cylinder,Gasoline,5-Speed Automatic,2 wheel drive - front,Four Door
Used 2009 Honda CR-V EX-L w/ Navigation,"159,651",Sport Utility,Crystal Black Pearl,Black,City 20/Hwy 26/Comb 22 MPG,4-Cylinder,Gasoline,5-Speed Automatic,4 wheel drive - front wheel default,Four Door
Used 2013 Honda CR-V AWD EX,"190,480",Sport Utility,Polished Metal Metallic,Gray,City 22/Hwy 30/Comb 25 MPG,4-Cylinder,Gasoline,5-Speed Automatic,All wheel drive,Four Door
Used 2007 Honda Odyssey EX,"79,980",Van,White,Tan,City 17/Hwy 24/Comb 19 MPG,6-Cylinder,Gasoline,5-Speed Automatic,2 wheel drive - front,Four Door
Used 2010 Honda CR-V 2WD EX,"128,839",Sport Utility,Taffeta White,Gray,City 21/Hwy 27/Comb 23 MPG,4-Cylinder,Gasoline,5-Speed Automatic,2 wheel drive - front,Four Door
Used 2012 Honda Civic EX Sedan,"101,452",Sedan,Taffeta White,Gray,City 28/Hwy 39/Comb 32 MPG,4-Cylinder,Gasoline,5-Speed Automatic,2 wheel drive - front,Four Door
Used 2010 Honda Odyssey EX-L,"139,808",Van,Gray,Gray,City 16/Hwy 23/Comb 18 MPG,6-Cylinder,Gasoline,5-Speed Automatic,2 wheel drive - front,Four Door
Used 2013 Honda Civic LX Coupe,"100,517",Coupe,Alabaster Silver Metallic,Gray,City 28/Hwy 39/Comb 32 MPG,4-Cylinder,Gasoline,5-Speed Automatic,2 wheel drive - front,Two Door
Used 2011 Honda CR-V LX,"116,711",Sport Utility,Glacier Blue Metallic,,City 21/Hwy 27/Comb 23 MPG,4-Cylinder,Gasoline,5-Speed Automatic,2 wheel drive - front,Four Door
Used 2010 Honda Civic Si,"140,685",Coupe,Dyno Blue Pearl,Black,City 21/Hwy 29/Comb 24 MPG,4-Cylinder,Gasoline,6-Speed Manual,2 wheel drive - front,Two Door
Used 2011 Honda Accord Sedan,"103,113",Sedan,Black,Black,City 23/Hwy 34/Comb 27 MPG,4-Cylinder,Gasoline,5-Speed Automatic,2 wheel drive - front,Four Door
Used 2010 Honda Accord Crosstour EX-L,"110,737",Hatchback,Black,Black,City 17/Hwy 25/Comb 20 MPG,6-Cylinder,Gasoline,5-Speed Automatic,2 wheel drive - front,Four Door
Used 2014 Honda Accord LX Sedan,"137,587",Sedan,White,Tan,City 27/Hwy 36/Comb 30 MPG,4-Cylinder,Gasoline,Continuously Variable Automatic,2 wheel drive - front,Four Door
Used 2013 Honda Accord LX-S Coupe,"122,000",Coupe,Black,Black,City 27/Hwy 36/Comb 30 MPG,4-Cylinder,Gasoline,Continuously Variable Automatic,2 wheel drive - front,Two Door
Used 2015 Honda Civic EX Sedan,"105,000",Sedan,Black,Black,City 30/Hwy 39/Comb 33 MPG,4-Cylinder,Gasoline,Continuously Variable Automatic,2 wheel drive - front,Four Door
Used 2014 Honda Civic LX Coupe,"135,273",Coupe,Taffeta White,Gray,City 30/Hwy 39/Comb 33 MPG,4-Cylinder,Gasoline,Continuously Variable Automatic,2 wheel drive - front,Two Door
Used 2010 Honda CR-V 4WD EX-L,"118,320",Sport Utility,Blue,Gray,City 21/Hwy 27/Comb 23 MPG,4-Cylinder,Gasoline,5-Speed Automatic,4 wheel drive - front wheel default,Four Door
Used 2014 Honda Accord EX-L V6,"135,211",Coupe,White Orchid Pearl,Tan,City 26/Hwy 34/Comb 29 MPG,6-Cylinder,Gasoline,6-Speed Shiftable Automatic,2 wheel drive - front,Two Door
Used 2013 Honda Accord Sport Sedan,"79,060",Sedan,Gray,Black,City 27/Hwy 36/Comb 30 MPG,4-Cylinder,Gasoline,Continuously Variable Automatic,2 wheel drive - front,Four Door
Used 2002 Honda S2000,"60,637",Convertible,Silver / Black,Black,City 18/Hwy 24/Comb 20 MPG,4-Cylinder,Gasoline,6-Speed Manual,2 wheel drive - rear,Two Door
Used 2012 Honda Civic Si w/ Navigation,"117,169",Sedan,Crystal Black Pearl,Black,City 22/Hwy 31/Comb 25 MPG,4-Cylinder,Gasoline,6-Speed Manual,2 wheel drive - front,Four Door
Used 2016 Honda Fit LX,"46,148",Hatchback,Mystic Yellow Pearl,,City 33/Hwy 41/Comb 36 MPG,4-Cylinder,Gasoline,Continuously Variable Automatic,2 wheel drive - front,Four Door
Used 2014 Honda CR-V AWD LX,"67,678",Sport Utility,Kona Coffee Metallic,Black,City 22/Hwy 30/Comb 25 MPG,4-Cylinder,Gasoline,5-Speed Automatic,All wheel drive,Four Door
Used 2016 Honda Civic LX Sedan,"73,834",Sedan,Silver,Black,City 31/Hwy 41/Comb 35 MPG,4-Cylinder,Gasoline,Continuously Variable Automatic,2 wheel drive - front,Four Door
Used 2012 Honda CR-V EX-L,"78,514",Sport Utility,Red,Gray,City 22/Hwy 30/Comb 25 MPG,4-Cylinder,Gasoline,5-Speed Automatic,2 wheel drive - front,Four Door
Used 2016 Honda Fit EX,"44,784",Hatchback,Alabaster Silver Metallic,Gray,City 32/Hwy 38/Comb 35 MPG,4-Cylinder,Gasoline,Continuously Variable Automatic,2 wheel drive - front,Four Door
Used 2016 Honda Civic LX Sedan,"65,822",Sedan,Rallye Red,Black,City 31/Hwy 41/Comb 35 MPG,4-Cylinder,Gasoline,Continuously Variable Automatic,2 wheel drive - front,Four Door
Used 2016 Honda Odyssey EX-L,"49,543",Van,Gray,Gray,City 19/Hwy 28/Comb 22 MPG,6-Cylinder,Gasoline,6-Speed Automatic,2 wheel drive - front,Four Door
Used 2016 Honda Fit LX,"40,723",Hatchback,Alabaster Silver Metallic,,City 33/Hwy 41/Comb 36 MPG,4-Cylinder,Gasoline,Continuously Variable Automatic,2 wheel drive - front,Four Door
Used 2016 Honda Fit LX,"36,062",Hatchback,Mystic Yellow Pearl,,City 33/Hwy 41/Comb 36 MPG,4-Cylinder,Gasoline,Continuously Variable Automatic,2 wheel drive - front,Four Door
Used 2015 Honda Accord EX Coupe,"46,523",Coupe,White,Beige,City 26/Hwy 35/Comb 29 MPG,4-Cylinder,Gasoline,Continuously Variable Automatic,2 wheel drive - front,Two Door
Used 2014 Honda CR-V FWD EX,"99,238",Sport Utility,White Diamond Pearl,Black,City 22/Hwy 30/Comb 25 MPG,4-Cylinder,Gasoline,5-Speed Automatic,2 wheel drive - front,Four Door
Used 2016 Honda Fit EX,"33,724",Hatchback,Silver,Black,City 32/Hwy 38/Comb 35 MPG,4-Cylinder,Gasoline,Continuously Variable Automatic,2 wheel drive - front,Four Door
Used 2015 Honda Accord EX Coupe,"57,662",Coupe,Black,Black,City 26/Hwy 35/Comb 29 MPG,4-Cylinder,Gasoline,Continuously Variable Automatic,2 wheel drive - front,Two Door
Used 2018 Honda Fit LX,"44,383",Hatchback,White Orchid Pearl,Black,City 33/Hwy 40/Comb 36 MPG,4-Cylinder,Gasoline,Continuously Variable Automatic,2 wheel drive - front,Four Door
Used 2014 Honda Accord LX Sedan,"22,000",Sedan,Black,Gray,City 27/Hwy 36/Comb 30 MPG,4-Cylinder,Gasoline,Continuously Variable Automatic,2 wheel drive - front,Four Door
Used 2016 Honda Civic LX Sedan,"42,500",Sedan,Silver,Black,City 31/Hwy 41/Comb 35 MPG,4-Cylinder,Gasoline,Continuously Variable Automatic,2 wheel drive - front,Four Door
Used 2015 Honda Accord Sport Sedan,"80,000",Sedan,Silver,Gray,City 26/Hwy 35/Comb 29 MPG,4-Cylinder,Gasoline,Continuously Variable Automatic,2 wheel drive - front,Four Door
Used 2016 Honda Accord LX Sedan,"85,000",Sedan,Charcoal,Black,City 27/Hwy 37/Comb 31 MPG,4-Cylinder,Gasoline,Continuously Variable Automatic,2 wheel drive - front,Four Door
Used 2012 Honda Pilot 4WD EX-L,"132,000",Sport Utility,Gray,Black,City 17/Hwy 24/Comb 20 MPG,6-Cylinder,Gasoline,5-Speed Automatic,4 wheel drive,Four Door
Used 2012 Honda Accord EX-L Coupe,"82,029",Coupe,Red,Beige,City 22/Hwy 33/Comb 26 MPG,6-Cylinder,Gasoline,6-Speed Manual,2 wheel drive - front,Two Door
Used 2011 Honda Odyssey Touring Elite,"120,172",Van,Gray,Gray,City 19/Hwy 28/Comb 22 MPG,6-Cylinder,Gasoline,6-Speed Automatic,2 wheel drive - front,Four Door
Used 2013 Honda Pilot FWD LX,"79,705",Sport Utility,Alabaster Silver Metallic,Gray,City 17/Hwy 24/Comb 20 MPG,6-Cylinder,Gasoline,5-Speed Automatic,2 wheel drive - front,Four Door
Used 2015 Honda Odyssey Touring Elite,"66,788",Van,Maroon,Tan,City 19/Hwy 28/Comb 22 MPG,6-Cylinder,Gasoline,6-Speed Automatic,2 wheel drive - front,Four Door
Used 2008 Honda CR-V EX-L,"71,006",Sport Utility,Blue,Gray,City 20/Hwy 26/Comb 22 MPG,4-Cylinder,Gasoline,5-Speed Automatic,4 wheel drive - front wheel default,Four Door
Used 2015 Honda Accord Sport Sedan,"73,617",Sedan,White Orchid Pearl,,City 26/Hwy 35/Comb 29 MPG,4-Cylinder,Gasoline,Continuously Variable Automatic,2 wheel drive - front,Four Door
Used 2012 Honda Pilot 4WD Touring,"142,172",Sport Utility,Gray,Black,City 17/Hwy 24/Comb 20 MPG,6-Cylinder,Gasoline,5-Speed Automatic,4 wheel drive - front wheel default,Four Door
Used 2007 Honda CR-V EX-L,"108,764",Sport Utility,Blue,Gone,City 19/Hwy 26/Comb 22 MPG,4-Cylinder,Gasoline,5-Speed Automatic,2 wheel drive - front,Four Door
Used 2017 Honda Accord LX Sedan,"79,372",Sedan,Gray,,City 27/Hwy 36/Comb 30 MPG,4-Cylinder,Gasoline,Continuously Variable Automatic,2 wheel drive - front,Four Door
Used 2016 Honda CR-V FWD SE,"84,539",Sport Utility,,,City 25/Hwy 31/Comb 27 MPG,4-Cylinder,Gasoline,Continuously Variable Automatic,2 wheel drive - front,Four Door
Used 2015 Honda CR-V FWD LX,"54,675",Sport Utility,Gray,Gray,City 26/Hwy 33/Comb 28 MPG,4-Cylinder,Gasoline,Continuously Variable Automatic,2 wheel drive - front,Four Door
Used 2015 Honda CR-V FWD LX,"57,581",Sport Utility,Gray,Gray,City 26/Hwy 33/Comb 28 MPG,4-Cylinder,Gasoline,Continuously Variable Automatic,2 wheel drive - front,Four Door
Used 2015 Honda CR-V FWD LX,"34,536",Sport Utility,Basque Red Pearl Ii,Tan,City 26/Hwy 33/Comb 28 MPG,4-Cylinder,Gasoline,Continuously Variable Automatic,2 wheel drive - front,Four Door
Used 2008 Honda Ridgeline RTX,"105,257",Truck,Silver,Gray,City 15/Hwy 20/Comb 17 MPG,6-Cylinder,Gasoline,5-Speed Automatic,4 wheel drive,Four Door
Used 2016 Honda Accord Sport Sedan,"93,000",Sedan,White,Black,City 26/Hwy 35/Comb 30 MPG,4-Cylinder,Gasoline,Continuously Variable Automatic,2 wheel drive - front,Four Door
Used 2015 Honda Accord LX Sedan,"33,900",Sedan,Gold,Other,City 27/Hwy 36/Comb 31 MPG,4-Cylinder,Gasoline,Continuously Variable Automatic,2 wheel drive - front,Four Door
Used 2013 Honda Pilot Touring,"120,777",Sport Utility,Silver,Black,City 17/Hwy 24/Comb 20 MPG,6-Cylinder,Gasoline,5-Speed Automatic,2 wheel drive - front,Four Door
Used 2016 Honda Civic LX Sedan,"36,968",Sedan,Lunar Silver Metallic,,City 31/Hwy 41/Comb 35 MPG,4-Cylinder,Gasoline,Continuously Variable Automatic,2 wheel drive - front,Four Door
Used 2017 Honda Civic LX Sedan,"36,067",Sedan,Aegean Blue Metallic,,City 31/Hwy 40/Comb 34 MPG,4-Cylinder,Gasoline,Continuously Variable Automatic,2 wheel drive - front,Four Door
Used 2016 Honda Civic LX Sedan,"35,315",Sedan,Modern Steel Metallic,,City 31/Hwy 41/Comb 35 MPG,4-Cylinder,Gasoline,Continuously Variable Automatic,2 wheel drive - front,Four Door
Used 2017 Honda Accord LX Sedan,"40,006",Sedan,Gray,Black,City 27/Hwy 36/Comb 30 MPG,4-Cylinder,Gasoline,Continuously Variable Automatic,2 wheel drive - front,Four Door
Used 2017 Honda Civic LX Sedan,"28,481",Sedan,Crystal Black Pearl,,City 31/Hwy 40/Comb 34 MPG,4-Cylinder,Gasoline,Continuously Variable Automatic,2 wheel drive - front,Four Door
Used 2012 Honda Odyssey Touring Elite,"112,000",Van,White,Gray,City 19/Hwy 28/Comb 22 MPG,6-Cylinder,Gasoline,6-Speed Automatic,2 wheel drive - front,Four Door
Used 2015 Honda Civic EX-L Sedan,"55,430",Sedan,Silver,,City 30/Hwy 39/Comb 33 MPG,4-Cylinder,Gasoline,Continuously Variable Automatic,2 wheel drive - front,Four Door
Used 2016 Honda Civic LX Sedan,"23,558",Sedan,Crystal Black Pearl,,City 31/Hwy 41/Comb 35 MPG,4-Cylinder,Gasoline,Continuously Variable Automatic,2 wheel drive - front,Four Door
Certified 2016 Honda Civic LX Sedan,"25,700",Sedan,Aegean Blue Metallic,,City 31/Hwy 41/Comb 35 MPG,4-Cylinder,Gasoline,Continuously Variable Automatic,2 wheel drive - front,Four Door
Used 2017 Honda Fit EX-L,"34,563",Hatchback,Lunar Silver Metallic,,City 32/Hwy 37/Comb 34 MPG,4-Cylinder,Gasoline,Continuously Variable Automatic,2 wheel drive - front,Four Door
Certified 2016 Honda Civic LX Sedan,"31,315",Sedan,Gray,Gray,City 31/Hwy 41/Comb 35 MPG,4-Cylinder,Gasoline,Continuously Variable Automatic,2 wheel drive - front,Four Door
Used 2016 Honda Civic EX Sedan,"38,597",Sedan,Burgundy Night Pearl,,City 31/Hwy 41/Comb 35 MPG,4-Cylinder,Gasoline,Continuously Variable Automatic,2 wheel drive - front,Four Door
Used 2015 Honda Accord Touring Sedan,"112,886",Sedan,Crystal Black Pearl,Black,,6-Cylinder,Gasoline,6-Speed Automatic,2 wheel drive - front,Four Door
Used 2017 Honda Accord LX Sedan,"30,712",Sedan,Champagne Frost Pearl,,City 27/Hwy 36/Comb 30 MPG,4-Cylinder,Gasoline,Continuously Variable Automatic,2 wheel drive - front,Four Door
Used 2019 Honda CR-V AWD EX-L,350,Sport Utility,,,City 27/Hwy 33/Comb 29 MPG,4-Cylinder Turbo,Gasoline,Continuously Variable Automatic,All wheel drive,Four Door
Used 2011 Honda Pilot 4WD EX-L,"82,233",Sport Utility,Black,Gray,City 16/Hwy 22/Comb 18 MPG,6-Cylinder,Gasoline,5-Speed Automatic,4 wheel drive - front wheel default,Four Door
Used 2016 Honda Civic EX-T Sedan,"36,743",Sedan,Aegean Blue Metallic,,35 MPG Combined,4-Cylinder Turbo,Gasoline,Continuously Variable Automatic,2 wheel drive - front,Four Door
Used 2014 Honda CR-V EX-L,"64,655",Sport Utility,Basque Red Pearl Ii,Gray,City 22/Hwy 30/Comb 25 MPG,4-Cylinder,Gasoline,5-Speed Automatic,All wheel drive,Four Door
Used 2017 Honda Pilot 4WD EX,"59,778",Sport Utility,Gray,Gray,City 18/Hwy 26/Comb 21 MPG,6-Cylinder,Gasoline,6-Speed Automatic,All wheel drive,Four Door
Used 2017 Honda Accord LX Sedan,"29,218",Sedan,Champagne Frost Pearl,,City 27/Hwy 36/Comb 30 MPG,4-Cylinder,Gasoline,Continuously Variable Automatic,2 wheel drive - front,Four Door
Used 2016 Honda Civic EX Sedan,"45,092",Sedan,,,City 31/Hwy 41/Comb 35 MPG,4-Cylinder,Gasoline,Continuously Variable Automatic,2 wheel drive - front,Four Door
Used 2016 Honda Accord LX Sedan,"26,609",Sedan,Obsidian Blue Pearl,,City 27/Hwy 37/Comb 31 MPG,4-Cylinder,Gasoline,Continuously Variable Automatic,2 wheel drive - front,Four Door
Certified 2017 Honda Civic LX Sedan,"27,615",Sedan,Lunar Silver Metallic,Black,City 31/Hwy 40/Comb 34 MPG,4-Cylinder,Gasoline,Continuously Variable Automatic,2 wheel drive - front,Four Door
Used 2016 Honda Civic EX Sedan,"35,637",Sedan,Crystal Black Pearl,Black,City 31/Hwy 41/Comb 35 MPG,4-Cylinder,Gasoline,Continuously Variable Automatic,2 wheel drive - front,Four Door
Certified 2017 Honda Civic LX Hatchback,"27,566",Hatchback,Black,Black,City 31/Hwy 40/Comb 34 MPG,4-Cylinder Turbo,Gasoline,Continuously Variable Automatic,2 wheel drive - front,Four Door
Used 2014 Honda Pilot 4WD EX-L,"123,491",Sport Utility,Modern Steel Metallic,Gray,City 17/Hwy 24/Comb 20 MPG,6-Cylinder,Gasoline,5-Speed Automatic,4 wheel drive,Four Door
Used 2016 Honda Accord Sport Sedan,"15,368",Sedan,Silver,Black,City 26/Hwy 35/Comb 30 MPG,4-Cylinder,Gasoline,Continuously Variable Automatic,2 wheel drive - front,Four Door
Used 2014 Honda CR-V AWD EX,"50,189",Sport Utility,,,City 22/Hwy 30/Comb 25 MPG,4-Cylinder,Gasoline,5-Speed Automatic,All wheel drive,Four Door
Used 2017 Honda Civic LX Sedan,"19,317",Sedan,Blue,Black,City 31/Hwy 40/Comb 34 MPG,4-Cylinder,Gasoline,Continuously Variable Automatic,2 wheel drive - front,Four Door
Used 2011 Honda Odyssey EX-L,"72,909",Van,Gray,Gray,City 18/Hwy 27/Comb 21 MPG,6-Cylinder,Gasoline,5-Speed Automatic,2 wheel drive - front,Four Door
Used 2017 Honda Civic EX Sedan,"24,950",Sedan,Blue,Gone,City 31/Hwy 40/Comb 34 MPG,4-Cylinder,Gasoline,Continuously Variable Automatic,2 wheel drive - front,Four Door
Used 2016 Honda Fit EX-L,"39,027",Hatchback,Purple,Black,City 32/Hwy 38/Comb 35 MPG,4-Cylinder,Gasoline,Continuously Variable Automatic,2 wheel drive - front,Four Door
Used 2016 Honda Civic EX-L Sedan,"34,759",Sedan,Crystal Black Pearl,,35 MPG Combined,4-Cylinder Turbo,Gasoline,Continuously Variable Automatic,2 wheel drive - front,Four Door
Used 2016 Honda CR-V FWD LX,"35,207",Sport Utility,Black,Other,City 25/Hwy 31/Comb 27 MPG,4-Cylinder,Gasoline,Continuously Variable Automatic,2 wheel drive - front,Four Door
Used 2016 Honda HR-V FWD EX,"17,716",Sport Utility,Gray,Gray,City 27/Hwy 32/Comb 29 MPG,4-Cylinder,Gasoline,6-Speed Manual,2 wheel drive - front,Four Door
Used 2017 Honda Civic EX-T Coupe,"26,216",Coupe,Taffeta White,,City 31/Hwy 40/Comb 35 MPG,4-Cylinder Turbo,Gasoline,Continuously Variable Automatic,2 wheel drive - front,Two Door
Used 2017 Honda Civic EX-T Sedan,"20,948",Sedan,Silver,Gray,City 32/Hwy 42/Comb 36 MPG,4-Cylinder Turbo,Gasoline,Continuously Variable Automatic,2 wheel drive - front,Four Door
Used 2016 Honda Civic Touring Sedan,"61,759",Sedan,,,35 MPG Combined,4-Cylinder Turbo,Gasoline,Continuously Variable Automatic,2 wheel drive - front,Four Door
Used 2017 Honda Civic EX-T Sedan,"36,898",Sedan,Cosmic Blue Metallic,,City 32/Hwy 42/Comb 36 MPG,4-Cylinder Turbo,Gasoline,Continuously Variable Automatic,2 wheel drive - front,Four Door
Used 2018 Honda Civic LX Coupe,"2,813",Coupe,Aegean Blue Metallic,,City 30/Hwy 39/Comb 34 MPG,4-Cylinder,Gasoline,Continuously Variable Automatic,2 wheel drive - front,Two Door
Used 2018 Honda Civic LX-P Coupe,"4,122",Coupe,Rallye Red,,City 30/Hwy 39/Comb 34 MPG,4-Cylinder,Gasoline,Continuously Variable Automatic,2 wheel drive - front,Two Door
Used 2017 Honda Accord Sport Sedan,"56,931",Sedan,,,City 26/Hwy 34/Comb 29 MPG,4-Cylinder,Gasoline,Continuously Variable Automatic,2 wheel drive - front,Four Door
Certified 2017 Honda Civic Si Coupe,"25,838",Coupe,Taffeta White,Black,City 28/Hwy 38/Comb 32 MPG,4-Cylinder,Gasoline,6-Speed Manual,2 wheel drive - front,Two Door
Used 2016 Honda Civic EX-T Sedan,"31,465",Sedan,Crystal Black Pearl,,35 MPG Combined,4-Cylinder Turbo,Gasoline,Continuously Variable Automatic,2 wheel drive - front,Four Door
Used 2016 Honda Accord EX Sedan,"43,639",Sedan,,,City 27/Hwy 37/Comb 31 MPG,4-Cylinder,Gasoline,Continuously Variable Automatic,2 wheel drive - front,Four Door
Used 2018 Honda HR-V FWD EX,"23,838",Sport Utility,Silver,No Color,City 27/Hwy 31/Comb 29 MPG,4-Cylinder,Gasoline,Continuously Variable Automatic,2 wheel drive - front,Four Door
Used 2017 Honda Civic LX,"18,797",Hatchback,Gray,Tan,City 31/Hwy 40/Comb 36 MPG,4-Cylinder Turbo,Gasoline,Continuously Variable Automatic,2 wheel drive - front,Four Door
Used 2019 Honda Civic Sport Sedan,"15,915",Sedan,Crystal Black Pearl,Black,City 30/Hwy 38/Comb 33 MPG,4-Cylinder,Gasoline,Continuously Variable Automatic,2 wheel drive - front,Four Door
Used 2013 Honda Pilot Touring,"92,680",Sport Utility,Black,Black,City 17/Hwy 24/Comb 20 MPG,6-Cylinder,Gasoline,5-Speed Automatic,2 wheel drive - front,Four Door
Used 2015 Honda CR-V FWD EX-L,"66,220",Sport Utility,Crystal Black Pearl,Black,City 26/Hwy 33/Comb 28 MPG,4-Cylinder,Gasoline,Continuously Variable Automatic,2 wheel drive - front,Four Door
Used 2016 Honda HR-V AWD EX-L,"78,737",Sport Utility,Gray,Black,City 27/Hwy 32/Comb 29 MPG,4-Cylinder,Gasoline,Continuously Variable Automatic,All wheel drive,Four Door
Used 2017 Honda Accord EX-L Hybrid Sedan,"86,929",Sedan,Blue,Black,Gas - City 49/Hwy 47/Comb 48 MPG,4-Cylinder,Hybrid Gas/Electric,Continuously Variable Automatic,2 wheel drive - front,Four Door
Used 2016 Honda HR-V FWD EX,"29,041",Sport Utility,Gray,Black,City 27/Hwy 32/Comb 29 MPG,4-Cylinder,Gasoline,Continuously Variable Automatic,2 wheel drive - front,Four Door
Used 2005 Honda S2000,"87,946",Convertible,Black,Black,City 17/Hwy 23/Comb 20 MPG,4-Cylinder,Gasoline,6-Speed Manual,2 wheel drive - rear,Two Door
Used 2016 Honda Accord EX-L Sedan,"9,865",Sedan,White,Tan,City 27/Hwy 37/Comb 31 MPG,4-Cylinder,Gasoline,Continuously Variable Automatic,2 wheel drive - front,Four Door
Used 2014 Honda CR-V AWD EX-L,"51,562",Sport Utility,Burgundy,Beige,City 22/Hwy 30/Comb 25 MPG,4-Cylinder,Gasoline,5-Speed Automatic,All wheel drive,Four Door
Used 2017 Honda Civic EX-L Sedan,"44,289",Sedan,Crystal Black,Black,,4-Cylinder Turbo,Gasoline,Continuously Variable Automatic,2 wheel drive - front,Four Door
Used 2013 Honda Ridgeline Sport,"63,981",Truck,White,Black,City 15/Hwy 21/Comb 17 MPG,6-Cylinder,Gasoline,5-Speed Automatic,4 wheel drive,Four Door
Used 2015 Honda Odyssey Touring,"90,000",Van,White,Tan,City 19/Hwy 28/Comb 22 MPG,6-Cylinder,Gasoline,6-Speed Automatic,2 wheel drive - front,Four Door
Used 2017 Honda Accord EX Coupe,"40,677",Coupe,Gray,Black,City 26/Hwy 34/Comb 29 MPG,4-Cylinder,Gasoline,Continuously Variable Automatic,2 wheel drive - front,Two Door
Used 2017 Honda Civic EX-T Coupe,"41,920",Coupe,Gray,Gray,City 31/Hwy 40/Comb 35 MPG,4-Cylinder Turbo,Gasoline,Continuously Variable Automatic,2 wheel drive - front,Two Door
Used 2013 Honda Civic Si,"25,750",Coupe,Gray,Black,City 22/Hwy 31/Comb 25 MPG,4-Cylinder,Gasoline,6-Speed Manual,2 wheel drive - front,Two Door
Used 2016 Honda CR-V AWD EX,"31,461",Sport Utility,White,Gray,City 25/Hwy 31/Comb 27 MPG,4-Cylinder,Gasoline,Continuously Variable Automatic,All wheel drive,Four Door
Used 2018 Honda Accord 1.5T LX,"13,467",Sedan,Gray,Gray,City 30/Hwy 38/Comb 33 MPG,4-Cylinder Turbo,Gasoline,Continuously Variable Automatic,2 wheel drive - front,Four Door
Used 2018 Honda Accord 1.5T LX,"3,566",Sedan,Radiant Red Metallic,,City 30/Hwy 38/Comb 33 MPG,4-Cylinder Turbo,Gasoline,Continuously Variable Automatic,2 wheel drive - front,Four Door
Used 2014 Honda Ridgeline Sport,"110,890",Truck,Crystal Black Pearl,Black,City 15/Hwy 21/Comb 17 MPG,6-Cylinder,Gasoline,5-Speed Automatic,4 wheel drive,Four Door
Used 2018 Honda Accord 1.5T LX,"2,919",Sedan,Champagne Frost Pearl,,City 30/Hwy 38/Comb 33 MPG,4-Cylinder Turbo,Gasoline,Continuously Variable Automatic,2 wheel drive - front,Four Door
Used 2018 Honda HR-V FWD EX,"11,938",Sport Utility,Gray,Gray,City 27/Hwy 31/Comb 29 MPG,4-Cylinder,Gasoline,Continuously Variable Automatic,2 wheel drive - front,Four Door
Used 2017 Honda Accord EX-L Coupe,"41,341",Coupe,White,Black,City 26/Hwy 34/Comb 29 MPG,4-Cylinder,Gasoline,Continuously Variable Automatic,2 wheel drive - front,Two Door
Used 2015 Honda CR-V FWD EX-L,"27,608",Sport Utility,Black,Black,City 26/Hwy 33/Comb 28 MPG,4-Cylinder,Gasoline,Continuously Variable Automatic,2 wheel drive - front,Four Door
Used 2014 Honda Civic LX Coupe,"135,273",Coupe,Taffeta White,Gray,City 30/Hwy 39/Comb 33 MPG,4-Cylinder,Gasoline,Continuously Variable Automatic,2 wheel drive - front,Two Door
Used 2014 Honda Crosstour EX-L,"46,734",Hatchback,Silver,Black,City 19/Hwy 28/Comb 22 MPG,6-Cylinder,Gasoline,6-Speed Shiftable Automatic,4 wheel drive - front wheel default,Four Door
Used 2018 Honda Civic EX Hatchback,"9,657",Hatchback,Crystal Black Pearl,Black,City 31/Hwy 40/Comb 34 MPG,4-Cylinder Turbo,Gasoline,Continuously Variable Automatic,2 wheel drive - front,Four Door
Used 2017 Honda Accord EX-L V6,"39,015",Sedan,Gray,Black,City 27/Hwy 36/Comb 30 MPG,6-Cylinder,Gasoline,Continuously Variable Automatic,2 wheel drive - front,Four Door
Used 2002 Honda S2000,"60,637",Convertible,Silver / Black,Black,City 18/Hwy 24/Comb 20 MPG,4-Cylinder,Gasoline,6-Speed Manual,2 wheel drive - rear,Two Door
Used 2019 Honda Accord 1.5T LX,802,Sedan,Modern Steel Metallic,Gray,City 30/Hwy 38/Comb 33 MPG,4-Cylinder Turbo,Gasoline,Continuously Variable Automatic,2 wheel drive - front,Four Door
Used 2014 Honda Pilot 4WD Touring w/ RES,"91,216",Sport Utility,White,Black,City 17/Hwy 24/Comb 20 MPG,6-Cylinder,Gasoline,5-Speed Automatic,4 wheel drive,Four Door
Used 2018 Honda Civic EX-T Sedan,"21,337",Sedan,Red,Black,City 32/Hwy 42/Comb 36 MPG,4-Cylinder Turbo,Gasoline,Continuously Variable Automatic,2 wheel drive - front,Four Door
Used 2017 Honda Civic EX-T Sedan,"8,064",Sedan,Black,Black,City 32/Hwy 42/Comb 36 MPG,4-Cylinder Turbo,Gasoline,Continuously Variable Automatic,2 wheel drive - front,Four Door
Used 2019 Honda HR-V FWD Sport,"1,793",Sport Utility,Lunar Silver Metallic,Black,City 27/Hwy 31/Comb 29 MPG,4-Cylinder,Gasoline,Continuously Variable Automatic,2 wheel drive - front,Four Door
Certified 2017 Honda Accord Sport Special Edition Sedan,"21,588",Sedan,White,Other,City 26/Hwy 34/Comb 29 MPG,4-Cylinder,Gasoline,Continuously Variable Automatic,2 wheel drive - front,Four Door
Certified 2019 Honda CR-V FWD LX,"14,016",Sport Utility,Gray,Black,City 25/Hwy 31/Comb 27 MPG,4-Cylinder,Gasoline,Continuously Variable Automatic,2 wheel drive - front,Four Door
Used 2016 Honda Odyssey EX-L,"49,543",Van,Gray,Gray,City 19/Hwy 28/Comb 22 MPG,6-Cylinder,Gasoline,6-Speed Automatic,2 wheel drive - front,Four Door
Used 2016 Honda Odyssey SE,"32,407",Van,Gray,Gray,City 19/Hwy 28/Comb 22 MPG,6-Cylinder,Gasoline,6-Speed Automatic,2 wheel drive - front,Four Door
Used 2015 Honda Pilot 4WD Touring,"86,302",Sport Utility,White,No Color,City 17/Hwy 24/Comb 20 MPG,6-Cylinder,Gasoline,5-Speed Automatic,4 wheel drive,Four Door
Used 2017 Honda CR-V FWD EX,"20,625",Sport Utility,Gray,Gray,City 27/Hwy 33/Comb 29 MPG,4-Cylinder Turbo,Gasoline,Continuously Variable Automatic,2 wheel drive - front,Four Door
Certified 2018 Honda CR-V AWD LX,"10,485",Sport Utility,Silver,Gray,City 25/Hwy 31/Comb 27 MPG,4-Cylinder,Gasoline,Continuously Variable Automatic,All wheel drive,Four Door
Used 2017 Honda Pilot 4WD EX,"59,778",Sport Utility,Gray,Gray,City 18/Hwy 26/Comb 21 MPG,6-Cylinder,Gasoline,6-Speed Automatic,All wheel drive,Four Door
Used 2017 Honda Accord EX-L Sedan,"6,547",Sedan,Modern Steel Metallic,Gray,City 27/Hwy 36/Comb 30 MPG,4-Cylinder,Gasoline,Continuously Variable Automatic,2 wheel drive - front,Four Door
Used 2016 Honda Pilot 4WD LX,"56,992",Sport Utility,White,Gray,City 18/Hwy 26/Comb 21 MPG,6-Cylinder,Gasoline,6-Speed Automatic,4 wheel drive - front wheel default,Four Door
Certified 2017 Honda Accord Touring Hybrid Sedan,"25,135",Sedan,White Orchid Pearl,Ivory,Gas - City 49/Hwy 47/Comb 48 MPG,Hybrid,Hybrid Gas/Electric,Continuously Variable Automatic,2 wheel drive - front,Four Door
Certified 2019 Honda Accord 1.5T EX,"10,542",Sedan,White,Black,City 30/Hwy 38/Comb 33 MPG,4-Cylinder Turbo,Gasoline,Continuously Variable Automatic,2 wheel drive - front,Four Door
Used 2014 Honda Odyssey Touring Elite,"37,824",Van,White Diamond Pearl,Beige,City 19/Hwy 28/Comb 22 MPG,6-Cylinder,Gasoline,6-Speed Automatic,2 wheel drive - front,Four Door
Used 2017 Honda CR-V AWD EX,"9,461",Sport Utility,Brown,Tan,City 27/Hwy 33/Comb 29 MPG,4-Cylinder Turbo,Gasoline,Continuously Variable Automatic,All wheel drive,Four Door
Used 2018 Honda Accord 1.5T Touring,"19,892",Sedan,Gray,Gray,City 29/Hwy 35/Comb 31 MPG,4-Cylinder Turbo,Gasoline,Continuously Variable Automatic,2 wheel drive - front,Four Door
Used 2018 Honda Accord 2.0T EX-L,"16,674",Sedan,Silver,Gray,City 30/Hwy 38/Comb 33 MPG,4-Cylinder Turbo,Gasoline,10-Speed Automatic,2 wheel drive - front,Four Door
Used 2018 Honda Odyssey EX,"10,611",Van,Silver,Black,City 19/Hwy 28/Comb 22 MPG,6-Cylinder,Gasoline,9-Speed Automatic,2 wheel drive - front,Four Door
Used 2017 Honda CR-V AWD EX-L,"26,268",Sport Utility,Sandstorm,Other,City 27/Hwy 33/Comb 29 MPG,4-Cylinder Turbo,Gasoline,Continuously Variable Automatic,All wheel drive,Four Door
Certified 2018 Honda Civic LX-P Coupe,"14,726",Coupe,Gray,Other,City 30/Hwy 39/Comb 34 MPG,4-Cylinder,Gasoline,Continuously Variable Automatic,2 wheel drive - front,Two Door
Used 2019 Honda Pilot FWD LX,"18,650",Sport Utility,Gray,Gray,City 18/Hwy 26/Comb 21 MPG,6-Cylinder,Gasoline,6-Speed Automatic,2 wheel drive - front,Four Door
Used 2018 Honda Ridgeline AWD RTL-E,"33,288",Truck,White,Black,City 18/Hwy 25/Comb 21 MPG,6-Cylinder,Gasoline,6-Speed Automatic,All wheel drive,Four Door
Used 2018 Honda Pilot 4WD EX-L,"10,801",Sport Utility,Green,Beige,City 18/Hwy 26/Comb 21 MPG,6-Cylinder,Gasoline,6-Speed Automatic,All wheel drive,Four Door
Certified 2019 Honda Civic Sport Sedan,"4,376",Sedan,Modern Steel Metallic,Black,City 30/Hwy 38/Comb 33 MPG,4-Cylinder,Gasoline,Continuously Variable Automatic,2 wheel drive - front,Four Door
Used 2015 Honda Pilot FWD Touring,"18,696",Sport Utility,Black,Black,City 17/Hwy 24/Comb 20 MPG,6-Cylinder,Gasoline,5-Speed Automatic,2 wheel drive - front,Four Door
Used 2017 Honda Civic Type R Hatchback,"25,828",Hatchback,White,Black,City 22/Hwy 28/Comb 25 MPG,4-Cylinder Turbo,Gasoline,6-Speed Manual,2 wheel drive - front,Four Door
Certified 2018 Honda Pilot 4WD EX-L,"10,230",Sport Utility,Obsidian Blue Pearl,Gray,City 18/Hwy 26/Comb 21 MPG,6-Cylinder,Gasoline,6-Speed Automatic,All wheel drive,Four Door
Used 2018 Honda Civic Type R Hatchback,"6,120",Hatchback,Championship White,Red/Black,City 22/Hwy 28/Comb 25 MPG,4-Cylinder Turbo,Gasoline,6-Speed Manual,2 wheel drive - front,Four Door
Certified 2017 Honda Pilot 4WD Elite,"21,510",Sport Utility,Gray,Black,City 19/Hwy 26/Comb 22 MPG,6-Cylinder,Gasoline,9-Speed Automatic,All wheel drive,Four Door
Used 2018 Honda Odyssey Elite,"19,574",Van,White,Gray,City 19/Hwy 28/Comb 22 MPG,6-Cylinder,Gasoline,10-Speed Automatic,2 wheel drive - front,Four Door
Used 1999 Honda Civic LX,"163,462",Sedan,Green,Gray,City 24/Hwy 32/Comb 27 MPG,4-Cylinder,Gasoline,5-Speed Manual,2 wheel drive - front,Four Door
Used 2007 Honda CR-V EX-L,"108,764",Sport Utility,Blue,Gone,City 19/Hwy 26/Comb 22 MPG,4-Cylinder,Gasoline,5-Speed Automatic,2 wheel drive - front,Four Door
Used 2007 Honda Civic LX Sedan,"114,171",Sedan,Blue,Gray,City 25/Hwy 36/Comb 29 MPG,4-Cylinder,Gasoline,5-Speed Automatic,2 wheel drive - front,Four Door
Used 2006 Honda Pilot 2WD EX,"149,250",Sport Utility,Silver,Gray,City 15/Hwy 20/Comb 17 MPG,6-Cylinder,Gasoline,5-Speed Automatic,2 wheel drive - front,Four Door
Used 2007 Honda CR-V 2WD EX,"166,602",Sport Utility,Silver,Black,City 19/Hwy 26/Comb 22 MPG,4-Cylinder,Gasoline,5-Speed Automatic,2 wheel drive - front,Four Door
Used 2007 Honda Odyssey EX-L,"145,055",Van,Gray,Beige,City 17/Hwy 24/Comb 19 MPG,6-Cylinder,Gasoline,5-Speed Automatic,2 wheel drive - front,Four Door
Used 2011 Honda Civic EX Coupe,"152,725",Coupe,Polished Metal Metallic,Gray,City 25/Hwy 36/Comb 29 MPG,4-Cylinder,Gasoline,5-Speed Automatic,2 wheel drive - front,Two Door
Used 2009 Honda Accord EX-L,"110,706",Sedan,Alabaster Silver Metallic,,City 21/Hwy 30/Comb 24 MPG,6-Cylinder,Gasoline,5-Speed Automatic,2 wheel drive - front,Four Door
Used 2009 Honda Fit Sport w/ Navigation,"77,360",Hatchback,White,Black,City 27/Hwy 33/Comb 30 MPG,4-Cylinder,Gasoline,5-Speed Automatic,2 wheel drive - front,Four Door
Used 2012 Honda Civic LX Sedan,"106,835",Sedan,Gray,Tan,City 28/Hwy 39/Comb 32 MPG,4-Cylinder,Gasoline,5-Speed Automatic,2 wheel drive - front,Four Door
Used 2007 Honda CR-V EX-L,"108,764",Sport Utility,Blue,Gone,City 19/Hwy 26/Comb 22 MPG,4-Cylinder,Gasoline,5-Speed Automatic,2 wheel drive - front,Four Door
Used 2009 Honda CR-V 4WD EX,"138,738",Sport Utility,Alabaster Silver Metallic,Gray,City 20/Hwy 26/Comb 22 MPG,4-Cylinder,Gasoline,5-Speed Automatic,4 wheel drive,Four Door
Used 2009 Honda Pilot 2WD EX-L,"157,390",Sport Utility,Silver,Gray,City 16/Hwy 22/Comb 18 MPG,6-Cylinder,Gasoline,5-Speed Automatic,2 wheel drive - front,Four Door
Used 2014 Honda Civic EX Coupe,"146,588",Coupe,Modern Steel Metallic,Black,City 30/Hwy 39/Comb 33 MPG,4-Cylinder,Gasoline,Continuously Variable Automatic,2 wheel drive - front,Two Door
Used 2013 Honda Accord LX Sedan,"121,000",Sedan,Black,Beige,City 27/Hwy 36/Comb 30 MPG,4-Cylinder,Gasoline,Continuously Variable Automatic,2 wheel drive - front,Four Door
Used 2009 Honda Accord EX-L,"103,900",Sedan,White Diamond Pearl,Brown (Tan),City 21/Hwy 30/Comb 24 MPG,6-Cylinder,Gasoline,5-Speed Automatic,2 wheel drive - front,Four Door
Used 2006 Honda Element 4WD EX-P,"139,263",Sport Utility,Tangerine Metallic,,City 19/Hwy 24/Comb 21 MPG,4-Cylinder,Gasoline,4-Speed Automatic,4 wheel drive,Two Door
Used 2011 Honda Pilot 4WD Touring,"91,127",Sport Utility,Polished Metal Metallic,,City 16/Hwy 22/Comb 18 MPG,6-Cylinder,Gasoline,5-Speed Automatic,4 wheel drive,Four Door
Used 2011 Honda CR-V 4WD EX-L,"147,604",Sport Utility,Red,Gray,City 21/Hwy 27/Comb 23 MPG,4-Cylinder,Gasoline,5-Speed Automatic,4 wheel drive - front wheel default,Four Door
Used 2010 Honda CR-V EX-L,"148,786",Sport Utility,Alabaster Silver Metallic,Gray,City 21/Hwy 27/Comb 23 MPG,4-Cylinder,Gasoline,5-Speed Automatic,4 wheel drive - front wheel default,Four Door
Used 2015 Honda Civic LX Coupe,"101,640",Coupe,Gray,Gray,City 30/Hwy 39/Comb 33 MPG,4-Cylinder,Gasoline,Continuously Variable Automatic,2 wheel drive - front,Two Door
Used 2014 Honda CR-V FWD EX-L,"46,318",Sport Utility,Blue,Other,City 22/Hwy 30/Comb 25 MPG,4-Cylinder,Gasoline,5-Speed Automatic,2 wheel drive - front,Four Door
Used 2014 Honda Civic Sedan,"122,860",Sedan,Blue,Gray,City 30/Hwy 39/Comb 33 MPG,4-Cylinder,Gasoline,Continuously Variable Automatic,2 wheel drive - front,Four Door
Used 2017 Honda Fit LX,"63,853",Hatchback,Silver,Black,City 33/Hwy 40/Comb 36 MPG,4-Cylinder,Gasoline,6-Speed Manual,2 wheel drive - front,Four Door
Used 2015 Honda Fit LX,"61,609",Sedan,Yellow Pearl,Black,City 33/Hwy 41/Comb 36 MPG,4-Cylinder,Gasoline,Continuously Variable Automatic,2 wheel drive - front,Four Door
Used 2013 Honda CR-V FWD EX,"104,702",Sport Utility,Silver,Black,City 22/Hwy 30/Comb 25 MPG,4-Cylinder,Gasoline,5-Speed Automatic,2 wheel drive - front,Four Door
Used 2013 Honda Fit Sport,"72,317",Hatchback,White,Black,City 28/Hwy 35/Comb 31 MPG,4-Cylinder,Gasoline,5-Speed Manual,2 wheel drive - front,Four Door
Used 2014 Honda Accord LX Sedan,"117,357",Sedan,Modern Steel Metallic,,City 27/Hwy 36/Comb 30 MPG,4-Cylinder,Gasoline,Continuously Variable Automatic,2 wheel drive - front,Four Door
Used 2015 Honda Fit LX,"68,562",Hatchback,Red,,City 33/Hwy 41/Comb 36 MPG,4-Cylinder,Gasoline,Continuously Variable Automatic,2 wheel drive - front,Four Door
Used 2018 Honda Civic LX Sedan,"8,336",Sedan,Red,Tan,City 31/Hwy 40/Comb 34 MPG,4-Cylinder,Gasoline,Continuously Variable Automatic,2 wheel drive - front,Four Door
Used 2012 Honda Accord LX Sedan,"95,094",Sedan,Gray,Gray,City 23/Hwy 34/Comb 27 MPG,4-Cylinder,Gasoline,5-Speed Automatic,2 wheel drive - front,Four Door
Used 2012 Honda Odyssey EX-L w/ RES,"138,120",Van,Polished Metal Metallic,Gray,City 18/Hwy 27/Comb 21 MPG,6-Cylinder,Gasoline,5-Speed Automatic,2 wheel drive - front,Four Door
Used 2013 Honda Fit Sport,"52,131",Hatchback,Gray,Black,City 28/Hwy 35/Comb 31 MPG,4-Cylinder,Gasoline,5-Speed Automatic,2 wheel drive - front,Four Door
Used 2011 Honda Pilot EX-L,"147,142",Sport Utility,Taffeta White,Gray,City 16/Hwy 22/Comb 18 MPG,6-Cylinder,Gasoline,5-Speed Automatic,4 wheel drive - front wheel default,Four Door
Certified 2015 Honda Civic LX Sedan,"77,470",Sedan,Crystal Black Pearl,Black,City 30/Hwy 39/Comb 33 MPG,4-Cylinder,Gasoline,Continuously Variable Automatic,2 wheel drive - front,Four Door
Used 2013 Honda Accord EX-L V6,"123,011",Sedan,Gray,Black,City 26/Hwy 35/Comb 29 MPG,6-Cylinder,Gasoline,6-Speed Automatic,2 wheel drive - front,Four Door
Used 2013 Honda CR-V FWD LX,"99,894",Sport Utility,Alabaster Silver Metallic,Gray,City 22/Hwy 30/Comb 25 MPG,4-Cylinder,Gasoline,5-Speed Automatic,2 wheel drive - front,Four Door
Used 2010 Honda Pilot 2WD EX-L,"96,841",Sport Utility,Gold,Beige,City 16/Hwy 22/Comb 18 MPG,6-Cylinder,Gasoline,5-Speed Automatic,2 wheel drive - front,Four Door
Used 2012 Honda Accord LX Sedan,"71,193",Sedan,Blue,Gray,City 23/Hwy 34/Comb 27 MPG,4-Cylinder,Gasoline,5-Speed Automatic,2 wheel drive - front,Four Door
Used 2011 Honda Pilot Touring,"133,990",Sport Utility,Alabaster Silver Metallic,Gray,City 16/Hwy 22/Comb 18 MPG,6-Cylinder,Gasoline,5-Speed Automatic,2 wheel drive - front,Four Door
Used 2015 Honda Civic LX Sedan,"35,017",Sedan,Dyno Blue Pearl,,City 30/Hwy 39/Comb 33 MPG,4-Cylinder,Gasoline,Continuously Variable Automatic,2 wheel drive - front,Four Door
Used 2015 Honda Accord EX Sedan,"102,590",Sedan,Crystal Black Pearl,Black,City 27/Hwy 36/Comb 31 MPG,4-Cylinder,Gasoline,Continuously Variable Automatic,2 wheel drive - front,Four Door
Used 2013 Honda CR-V AWD LX,"53,138",Sport Utility,Gray,Gray,City 22/Hwy 30/Comb 25 MPG,4-Cylinder,Gasoline,5-Speed Automatic,All wheel drive,Four Door
Used 2015 Honda CR-V AWD LX,"88,325",Sport Utility,Burnt Orange,Black,City 26/Hwy 33/Comb 28 MPG,4-Cylinder,Gasoline,Continuously Variable Automatic,All wheel drive,Four Door
Used 2017 Honda Accord LX Sedan,"99,000",Sedan,Gray,Black,City 27/Hwy 36/Comb 30 MPG,4-Cylinder,Gasoline,Continuously Variable Automatic,2 wheel drive - front,Four Door
Used 2019 Honda CR-V AWD EX-L,350,Sport Utility,,,City 27/Hwy 33/Comb 29 MPG,4-Cylinder Turbo,Gasoline,Continuously Variable Automatic,All wheel drive,Four Door
Used 2015 Honda Accord EX Sedan,"93,408",Sedan,Silver,Black,City 27/Hwy 36/Comb 31 MPG,4-Cylinder,Gasoline,6-Speed Manual,2 wheel drive - front,Four Door
Used 2012 Honda CR-V EX-L w/ Navigation,"129,036",Sport Utility,Crystal Black Pearl,Black,City 22/Hwy 30/Comb 25 MPG,4-Cylinder,Gasoline,5-Speed Automatic,All wheel drive,Four Door
Used 2014 Honda Accord Sport Sedan,"91,838",Sedan,Alabaster Silver Metallic,Black,City 26/Hwy 34/Comb 29 MPG,4-Cylinder,Gasoline,Continuously Variable Automatic,2 wheel drive - front,Four Door
Used 2017 Honda Pilot 4WD EX,"59,778",Sport Utility,Gray,Gray,City 18/Hwy 26/Comb 21 MPG,6-Cylinder,Gasoline,6-Speed Automatic,All wheel drive,Four Door
Used 2018 Honda Fit EX,"43,364",Hatchback,Silver,Black,City 33/Hwy 40/Comb 36 MPG,4-Cylinder,Gasoline,Continuously Variable Automatic,2 wheel drive - front,Four Door
Used 2018 Honda Civic EX Sedan,"72,643",Sedan,Lunar Silver Metallic,,City 31/Hwy 40/Comb 34 MPG,4-Cylinder,Gasoline,Continuously Variable Automatic,2 wheel drive - front,Four Door
Used 2014 Honda Accord Sport Sedan,"85,809",Sedan,Hematite Metallic,Black,City 26/Hwy 34/Comb 29 MPG,4-Cylinder,Gasoline,Continuously Variable Automatic,2 wheel drive - front,Four Door
Used 2015 Honda Civic LX Sedan,"34,239",Sedan,Black,Gray,City 30/Hwy 39/Comb 33 MPG,4-Cylinder,Gasoline,Continuously Variable Automatic,2 wheel drive - front,Four Door
Used 2015 Honda CR-V FWD LX,"59,768",Sport Utility,Modern Steel Metallic,,City 26/Hwy 33/Comb 28 MPG,4-Cylinder,Gasoline,Continuously Variable Automatic,2 wheel drive - front,Four Door
Used 2014 Honda CR-V FWD LX,"53,794",Sport Utility,Silver,,City 22/Hwy 30/Comb 25 MPG,4-Cylinder,Gasoline,5-Speed Automatic,2 wheel drive - front,Four Door
Used 2015 Honda CR-Z,"70,194",Hatchback,Black,Black,Gas - City 36/Hwy 39/Comb 37 MPG,4-Cylinder,Hybrid Gas/Electric,Continuously Variable Automatic,2 wheel drive - front,Two Door
Used 2016 Honda Accord Sport Sedan,"15,368",Sedan,Silver,Black,City 26/Hwy 35/Comb 30 MPG,4-Cylinder,Gasoline,Continuously Variable Automatic,2 wheel drive - front,Four Door
Used 2016 Honda Civic LX Sedan,"33,941",Sedan,Taffeta White,,City 31/Hwy 41/Comb 35 MPG,4-Cylinder,Gasoline,Continuously Variable Automatic,2 wheel drive - front,Four Door
Used 2016 Honda Civic LX Sedan,"34,566",Sedan,Rallye Red,,City 31/Hwy 41/Comb 35 MPG,4-Cylinder,Gasoline,Continuously Variable Automatic,2 wheel drive - front,Four Door
Used 2011 Honda Pilot EX-L,"87,579",Sport Utility,Taffeta White,Gray,City 16/Hwy 22/Comb 18 MPG,6-Cylinder,Gasoline,5-Speed Automatic,2 wheel drive - front,Four Door
Used 2015 Honda Accord LX Sedan,"29,364",Sedan,Modern Steel Metallic,,City 27/Hwy 36/Comb 31 MPG,4-Cylinder,Gasoline,Continuously Variable Automatic,2 wheel drive - front,Four Door
Used 2016 Honda Civic EX-L Sedan,"63,419",Sedan,Modern Steel Metallic,,35 MPG Combined,4-Cylinder Turbo,Gasoline,Continuously Variable Automatic,2 wheel drive - front,Four Door
Used 2018 Honda Civic LX Sedan,"36,969",Sedan,Blue,Black,City 31/Hwy 40/Comb 34 MPG,4-Cylinder,Gasoline,Continuously Variable Automatic,2 wheel drive - front,Four Door
Certified 2017 Honda Civic LX Sedan,"42,260",Sedan,Red,Gray,City 31/Hwy 40/Comb 34 MPG,4-Cylinder,Gasoline,Continuously Variable Automatic,2 wheel drive - front,Four Door
Certified 2017 Honda Civic LX Sedan,"37,399",Sedan,Modern Steel Metallic,Black,City 31/Hwy 40/Comb 34 MPG,4-Cylinder,Gasoline,Continuously Variable Automatic,2 wheel drive - front,Four Door
Used 2015 Honda CR-V FWD LX,"49,529",Sport Utility,,,City 26/Hwy 33/Comb 28 MPG,4-Cylinder,Gasoline,Continuously Variable Automatic,2 wheel drive - front,Four Door
Used 2016 Honda Civic EX-L,"28,821",Coupe,Blue,,35 MPG Combined,4-Cylinder Turbo,Gasoline,Continuously Variable Automatic,2 wheel drive - front,Two Door
Used 2016 Honda Civic EX Sedan,"30,517",Sedan,White Orchid Pearl,,City 31/Hwy 41/Comb 35 MPG,4-Cylinder,Gasoline,Continuously Variable Automatic,2 wheel drive - front,Four Door
Used 2017 Honda Accord EX Sedan,"66,620",Sedan,Modern Steel Metallic,Black,City 27/Hwy 36/Comb 30 MPG,4-Cylinder,Gasoline,Continuously Variable Automatic,2 wheel drive - front,Four Door
Used 2017 Honda Accord LX Sedan,"47,766",Sedan,Crystal Black Pearl,,City 27/Hwy 36/Comb 30 MPG,4-Cylinder,Gasoline,Continuously Variable Automatic,2 wheel drive - front,Four Door
Certified 2016 Honda Fit EX,"23,535",Hatchback,Red,Other,City 32/Hwy 38/Comb 35 MPG,4-Cylinder,Gasoline,Continuously Variable Automatic,2 wheel drive - front,Four Door
Certified 2016 Honda HR-V AWD EX,"62,992",Sport Utility,Deep Ocean Pearl,Gray,City 27/Hwy 32/Comb 29 MPG,4-Cylinder,Gasoline,Continuously Variable Automatic,All wheel drive,Four Door
Used 2017 Honda Accord EX-L Sedan,"44,203",Sedan,Burgundy,Ivory,City 27/Hwy 36/Comb 30 MPG,4-Cylinder,Gasoline,Continuously Variable Automatic,2 wheel drive - front,Four Door
Used 2017 Honda Accord EX-L V6,"83,319",Sedan,Crystal Black Pearl,Black,City 27/Hwy 36/Comb 30 MPG,6-Cylinder,Gasoline,Continuously Variable Automatic,2 wheel drive - front,Four Door
Certified 2017 Honda Civic LX Sedan,"17,446",Sedan,Gray,Gray,City 31/Hwy 40/Comb 34 MPG,4-Cylinder,Gasoline,Continuously Variable Automatic,2 wheel drive - front,Four Door
Used 2016 Honda CR-V FWD LX,"25,087",Sport Utility,Modern Steel Metallic,Gray,City 25/Hwy 31/Comb 27 MPG,4-Cylinder,Gasoline,Continuously Variable Automatic,2 wheel drive - front,Four Door
Used 2017 Honda CR-V AWD Touring,"27,043",Sport Utility,Gray,Other,City 27/Hwy 33/Comb 29 MPG,4-Cylinder Turbo,Gasoline,Continuously Variable Automatic,All wheel drive,Four Door
Used 2014 Honda Pilot 4WD EX-L,"110,637",Sport Utility,Modern Steel Metallic,Gray,City 17/Hwy 24/Comb 20 MPG,6-Cylinder,Gasoline,5-Speed Automatic,4 wheel drive,Four Door
Certified 2016 Honda Civic LX Sedan,"19,750",Sedan,Red,Other,City 31/Hwy 41/Comb 35 MPG,4-Cylinder,Gasoline,Continuously Variable Automatic,2 wheel drive - front,Four Door
Used 2011 Honda Pilot 4WD Touring,"91,127",Sport Utility,Polished Metal Metallic,,City 16/Hwy 22/Comb 18 MPG,6-Cylinder,Gasoline,5-Speed Automatic,4 wheel drive,Four Door
Used 2017 Honda Civic EX-T Sedan,"36,958",Sedan,Crystal Black Pearl,,City 32/Hwy 42/Comb 36 MPG,4-Cylinder Turbo,Gasoline,Continuously Variable Automatic,2 wheel drive - front,Four Door
Used 2016 Honda CR-V FWD SE,"27,886",Sport Utility,Black,Gray,City 25/Hwy 31/Comb 27 MPG,4-Cylinder,Gasoline,Continuously Variable Automatic,2 wheel drive - front,Four Door
Used 2017 Honda Accord LX Sedan,"19,852",Sedan,Red,Creme,City 27/Hwy 36/Comb 30 MPG,4-Cylinder,Gasoline,Continuously Variable Automatic,2 wheel drive - front,Four Door
Used 2013 Honda Ridgeline RTL,"116,743",Truck,White,Gray,City 15/Hwy 21/Comb 17 MPG,6-Cylinder,Gasoline,5-Speed Automatic,4 wheel drive - front wheel default,Four Door
Used 2013 Honda Civic EX Sedan,"60,213",Sedan,Silver,,City 28/Hwy 39/Comb 32 MPG,4-Cylinder,Gasoline,5-Speed Automatic,2 wheel drive - front,Four Door
Certified 2018 Honda Civic LX Sedan,"30,740",Sedan,Taffeta White,Ivory,City 31/Hwy 40/Comb 34 MPG,4-Cylinder,Gasoline,Continuously Variable Automatic,2 wheel drive - front,Four Door
Used 2014 Honda Odyssey Touring Elite,"119,000",Van,Silver,Gray,City 19/Hwy 28/Comb 22 MPG,6-Cylinder,Gasoline,6-Speed Automatic,2 wheel drive - front,Four Door
Used 2012 Honda CR-V AWD EX,"20,253",Sport Utility,Brown,Black,City 22/Hwy 30/Comb 25 MPG,4-Cylinder,Gasoline,5-Speed Automatic,4 wheel drive,Four Door
Used 2016 Honda CR-V FWD SE,"30,828",Sport Utility,Urban Titanium Metallic,,City 25/Hwy 31/Comb 27 MPG,4-Cylinder,Gasoline,Continuously Variable Automatic,2 wheel drive - front,Four Door
Certified 2017 Honda Accord LX Sedan,"38,590",Sedan,Crystal Black Pearl,Black,City 27/Hwy 36/Comb 30 MPG,4-Cylinder,Gasoline,Continuously Variable Automatic,2 wheel drive - front,Four Door
Certified 2017 Honda HR-V AWD LX,"41,140",Sport Utility,White Orchid Pearl,Gray,City 28/Hwy 34/Comb 31 MPG,4-Cylinder,Gasoline,Continuously Variable Automatic,All wheel drive,Four Door
Used 2016 Honda CR-V FWD EX,"34,733",Sport Utility,Obsidian Blue Pearl,,City 25/Hwy 31/Comb 27 MPG,4-Cylinder,Gasoline,Continuously Variable Automatic,2 wheel drive - front,Four Door
Used 2017 Honda Accord Sport Special Edition Sedan,"65,977",Sedan,San Marino Red,Black,City 26/Hwy 34/Comb 29 MPG,4-Cylinder,Gasoline,Automatic,2 wheel drive - front,Four Door
Used 2019 Honda Civic LX Sedan,"6,888",Sedan,White Orchid Pearl,,City 30/Hwy 38/Comb 33 MPG,4-Cylinder,Gasoline,Continuously Variable Automatic,2 wheel drive - front,Four Door
Used 2017 Honda Civic EX Sedan,"34,129",Sedan,Taffeta White,,City 31/Hwy 40/Comb 34 MPG,4-Cylinder,Gasoline,Continuously Variable Automatic,2 wheel drive - front,Four Door
Certified 2016 Honda Fit EX-L,"17,928",Hatchback,Silver,Other,City 32/Hwy 38/Comb 35 MPG,4-Cylinder,Gasoline,Continuously Variable Automatic,2 wheel drive - front,Four Door
Used 2016 Honda Odyssey LX,"53,658",Van,Burgundy,,City 19/Hwy 28/Comb 22 MPG,6-Cylinder,Gasoline,6-Speed Automatic,2 wheel drive - front,Four Door
Used 2016 Honda CR-V AWD LX,"33,851",Sport Utility,Crystal Black Pearl,,City 25/Hwy 31/Comb 27 MPG,4-Cylinder,Gasoline,Continuously Variable Automatic,All wheel drive,Four Door
Used 2016 Honda CR-V AWD LX,"35,612",Sport Utility,Crystal Black Pearl,,City 25/Hwy 31/Comb 27 MPG,4-Cylinder,Gasoline,Continuously Variable Automatic,All wheel drive,Four Door
Used 2015 Honda Odyssey EX,"63,058",Van,Gray,Gray,City 19/Hwy 28/Comb 22 MPG,6-Cylinder,Gasoline,6-Speed Automatic,2 wheel drive - front,Four Door
Certified 2017 Honda Pilot FWD Touring,"27,873",Sport Utility,White Diamond Pearl,Beige,City 19/Hwy 26/Comb 22 MPG,6-Cylinder,Gasoline,9-Speed Shiftable Automatic,2 wheel drive - front,Four Door
Used 2018 Honda Accord 1.5T LX,"55,237",Sedan,Gold,Beige,City 30/Hwy 38/Comb 33 MPG,4-Cylinder Turbo,Gasoline,Continuously Variable Automatic,2 wheel drive - front,Four Door
Used 2017 Honda Civic LX Sedan,"12,722",Sedan,Black,,City 31/Hwy 40/Comb 34 MPG,4-Cylinder,Gasoline,Continuously Variable Automatic,2 wheel drive - front,Four Door
Used 2016 Honda CR-V FWD EX,"39,281",Sport Utility,Mountain Air Metallic,,City 25/Hwy 31/Comb 27 MPG,4-Cylinder,Gasoline,Continuously Variable Automatic,2 wheel drive - front,Four Door
Certified 2017 Honda Pilot 4WD EX,"44,687",Sport Utility,Dark Cherry Pearl,Beige,City 18/Hwy 26/Comb 21 MPG,6-Cylinder,Gasoline,6-Speed Automatic,4 wheel drive - front wheel default,Four Door
Used 2016 Honda CR-V FWD LX,"23,901",Sport Utility,Modern Steel,Other,City 25/Hwy 31/Comb 27 MPG,4-Cylinder,Gasoline,Continuously Variable Automatic,2 wheel drive - front,Four Door
Used 2014 Honda CR-V EX-L,"32,842",Sport Utility,Urban Titanium Metallic,Black,City 22/Hwy 30/Comb 25 MPG,4-Cylinder,Gasoline,5-Speed Automatic,2 wheel drive - front,Four Door
Used 2017 Honda Accord Sport Special Edition Sedan,"41,723",Sedan,White,Black,City 26/Hwy 34/Comb 29 MPG,4-Cylinder,Gasoline,Continuously Variable Automatic,2 wheel drive - front,Four Door
Used 2016 Honda Civic EX-L Sedan,"21,055",Sedan,Aegean Blue Metallic,,35 MPG Combined,4-Cylinder Turbo,Gasoline,Continuously Variable Automatic,2 wheel drive - front,Four Door
Certified 2017 Honda Accord EX Sedan,"46,316",Sedan,Crystal Black Pearl,Ivory,,4-Cylinder,Gasoline,Continuously Variable Automatic,2 wheel drive - front,Four Door
Used 2016 Honda CR-V FWD EX,"44,332",Sport Utility,Crystal Black Pearl,,City 25/Hwy 31/Comb 27 MPG,4-Cylinder,Gasoline,Continuously Variable Automatic,2 wheel drive - front,Four Door
Used 2016 Honda CR-V FWD EX,"37,716",Sport Utility,Mountain Air Metallic,,City 25/Hwy 31/Comb 27 MPG,4-Cylinder,Gasoline,Continuously Variable Automatic,2 wheel drive - front,Four Door
Used 2017 Honda Fit LX,"33,717",Hatchback,Aegean Blue Metallic,Black,City 33/Hwy 40/Comb 36 MPG,4-Cylinder,Gasoline,Continuously Variable Automatic,2 wheel drive - front,Four Door
Certified 2018 Honda Civic EX-T Sedan,"18,868",Sedan,Gray,Black,City 32/Hwy 42/Comb 36 MPG,4-Cylinder Turbo,Gasoline,Continuously Variable Automatic,2 wheel drive - front,Four Door
Used 2013 Honda Odyssey EX-L,"68,116",Van,Silver,Gray,City 18/Hwy 27/Comb 21 MPG,6-Cylinder,Gasoline,5-Speed Automatic,2 wheel drive - front,Four Door
Used 2014 Honda Pilot 4WD Touring,"105,887",Sport Utility,Modern Steel Metallic,Black,City 17/Hwy 24/Comb 20 MPG,6-Cylinder,Gasoline,5-Speed Automatic,4 wheel drive,Four Door
Used 2016 Honda CR-V FWD EX,"26,034",Sport Utility,Alabaster Silver Metallic,,City 25/Hwy 31/Comb 27 MPG,4-Cylinder,Gasoline,Continuously Variable Automatic,2 wheel drive - front,Four Door
Used 2019 Honda Civic Sport Sedan,"18,255",Sedan,White,Black,City 30/Hwy 38/Comb 33 MPG,4-Cylinder,Gasoline,Continuously Variable Automatic,2 wheel drive - front,Four Door
Used 2018 Honda Civic Sport Hatchback,"11,322",Hatchback,Lunar Silver Metallic,Black,City 30/Hwy 36/Comb 32 MPG,4-Cylinder Turbo,Gasoline,Continuously Variable Automatic,2 wheel drive - front,Four Door
Used 2018 Honda Accord 1.5T LX,"24,853",Sedan,Gray,Black,City 30/Hwy 38/Comb 33 MPG,4-Cylinder Turbo,Gasoline,Continuously Variable Automatic,2 wheel drive - front,Four Door
Used 2017 Honda Civic Si Sedan,"54,099",Sedan,Silver,Black,City 28/Hwy 38/Comb 32 MPG,4-Cylinder Turbo,Gasoline,6-Speed Manual,2 wheel drive - front,Four Door
Certified 2018 Honda Civic EX Sedan,"27,051",Sedan,Cosmic Blue Metallic,Black,City 31/Hwy 40/Comb 34 MPG,4-Cylinder,Gasoline,Continuously Variable Automatic,2 wheel drive - front,Four Door
Certified 2018 Honda HR-V AWD LX,"16,310",Sport Utility,Lunar Silver Metallic,Gray,City 28/Hwy 34/Comb 31 MPG,4-Cylinder,Gasoline,Continuously Variable Automatic,All wheel drive,Four Door
Used 2018 Honda Civic EX Hatchback,"33,116",Hatchback,Blue,Black,City 31/Hwy 40/Comb 34 MPG,4-Cylinder Turbo,Gasoline,Continuously Variable Automatic,2 wheel drive - front,Four Door
Used 2014 Honda Pilot 4WD Touring w/ RES,"79,778",Sport Utility,White,Gray,City 17/Hwy 24/Comb 20 MPG,6-Cylinder,Gasoline,5-Speed Automatic,4 wheel drive,Four Door
Used 2017 Honda Civic EX-L Sedan,"31,793",Sedan,White,Gray,,4-Cylinder Turbo,Gasoline,Continuously Variable Automatic,2 wheel drive - front,Four Door
Used 2016 Honda CR-V AWD EX-L,"29,402",Sport Utility,Red,Gray,City 25/Hwy 31/Comb 27 MPG,4-Cylinder,Gasoline,Continuously Variable Automatic,All wheel drive,Four Door
Used 2017 Honda Accord Sport Sedan,"24,002",Sedan,Gray,Black,City 26/Hwy 34/Comb 29 MPG,4-Cylinder,Gasoline,Continuously Variable Automatic,2 wheel drive - front,Four Door
Used 2010 Honda Civic LX,"130,198",Sedan,Atomic Blue Metallic,Black,City 25/Hwy 36/Comb 29 MPG,4-Cylinder,Gasoline,5-Speed Automatic,2 wheel drive - front,Four Door
Used 2016 Honda CR-V FWD EX-L,"42,525",Sport Utility,Gray,Black,City 25/Hwy 31/Comb 27 MPG,4-Cylinder,Gasoline,Continuously Variable Automatic,2 wheel drive - front,Four Door
Used 2017 Honda Accord EX-L Coupe,"27,624",Coupe,Blue,Black,City 26/Hwy 34/Comb 29 MPG,4-Cylinder,Gasoline,Continuously Variable Automatic,2 wheel drive - front,Two Door
Used 2017 Honda Accord EX-L V6,"17,084",Sedan,Black,Black,City 27/Hwy 36/Comb 30 MPG,6-Cylinder,Gasoline,Continuously Variable Automatic,2 wheel drive - front,Four Door
Used 2016 Honda Accord EX Sedan,"46,801",Sedan,Black,Black,City 27/Hwy 37/Comb 31 MPG,4-Cylinder,Gasoline,Continuously Variable Automatic,2 wheel drive - front,Four Door
Used 2016 Honda CR-V FWD EX,"25,292",Sport Utility,Gray,Other,City 25/Hwy 31/Comb 27 MPG,4-Cylinder,Gasoline,Continuously Variable Automatic,2 wheel drive - front,Four Door
Used 2017 Honda HR-V AWD EX,"18,265",Sport Utility,White,Gray,City 27/Hwy 31/Comb 29 MPG,4-Cylinder,Gasoline,Continuously Variable Automatic,All wheel drive,Four Door
Used 2016 Honda Pilot FWD EX-L,"77,091",Sport Utility,White,Beige,City 18/Hwy 26/Comb 21 MPG,6-Cylinder,Gasoline,6-Speed Automatic,2 wheel drive - front,Four Door
Certified 2018 Honda CR-V FWD LX,"22,979",Sport Utility,Gray,Black,City 25/Hwy 31/Comb 27 MPG,4-Cylinder,Gasoline,Continuously Variable Automatic,2 wheel drive - front,Four Door
Used 2017 Honda Civic Si Coupe,"20,539",Coupe,Rallye Red,Black,City 28/Hwy 38/Comb 32 MPG,4-Cylinder,Gasoline,6-Speed Manual,2 wheel drive - front,Two Door
Used 2016 Honda Pilot FWD EX,"73,656",Sport Utility,White,Gray,City 18/Hwy 26/Comb 21 MPG,6-Cylinder,Gasoline,6-Speed Automatic,2 wheel drive - front,Four Door
Used 2018 Honda Civic EX Sedan,"7,363",Sedan,Black,Other,City 31/Hwy 40/Comb 34 MPG,4-Cylinder,Gasoline,Continuously Variable Automatic,2 wheel drive - front,Four Door
Used 2018 Honda Civic Si Coupe,"30,951",Coupe,White Orchid Pearl,,City 28/Hwy 38/Comb 32 MPG,4-Cylinder,Gasoline,6-Speed Manual,2 wheel drive - front,Two Door
Used 2017 Honda HR-V FWD EX,"15,176",Sport Utility,Gray,Other,City 27/Hwy 31/Comb 29 MPG,4-Cylinder,Gasoline,Continuously Variable Automatic,2 wheel drive - front,Four Door
Used 2018 Honda Civic EX-L Sedan,"7,612",Sedan,Rallye Red,Black,City 32/Hwy 42/Comb 36 MPG,4-Cylinder Turbo,Gasoline,Continuously Variable Automatic,2 wheel drive - front,Four Door
Used 2014 Honda CR-V EX-L,"37,074",Sport Utility,White,Sport,City 22/Hwy 30/Comb 25 MPG,4-Cylinder,Gasoline,5-Speed Automatic,2 wheel drive - front,Four Door
Used 2019 Honda Accord 1.5T LX,"3,957",Sedan,Modern Steel Metallic,Gray,City 30/Hwy 38/Comb 33 MPG,4-Cylinder Turbo,Gasoline,Continuously Variable Automatic,2 wheel drive - front,Four Door
Used 2019 Honda Accord 1.5T LX,"3,632",Sedan,Lunar Silver Metallic,Black,City 30/Hwy 38/Comb 33 MPG,4-Cylinder Turbo,Gasoline,Continuously Variable Automatic,2 wheel drive - front,Four Door
Used 2014 Honda Odyssey Touring Elite,"100,536",Van,White Diamond Pearl,Gray,City 19/Hwy 28/Comb 22 MPG,6-Cylinder,Gasoline,6-Speed Automatic,2 wheel drive - front,Four Door
Used 2017 Honda CR-V FWD EX,"18,618",Sport Utility,Gray,Silver,City 27/Hwy 33/Comb 29 MPG,4-Cylinder Turbo,Gasoline,Continuously Variable Automatic,2 wheel drive - front,Four Door
Used 2018 Honda Accord 1.5T Sport,"27,321",Sedan,Crystal Black Pearl,Black,City 29/Hwy 35/Comb 31 MPG,4-Cylinder Turbo,Gasoline,Continuously Variable Automatic,2 wheel drive - front,Four Door
Used 2017 Honda Civic Si Sedan,"31,679",Sedan,Silver,,City 28/Hwy 38/Comb 32 MPG,4-Cylinder Turbo,Gasoline,6-Speed Manual,2 wheel drive - front,Four Door
Used 2017 Honda Ridgeline RT,"44,968",Truck,Modern Steel Metallic,,City 18/Hwy 25/Comb 21 MPG,6-Cylinder,Gasoline,6-Speed Automatic,2 wheel drive - front,Four Door
Used 2018 Honda Civic Si Coupe,"2,531",Coupe,Lunar Silver Metallic,,City 28/Hwy 38/Comb 32 MPG,4-Cylinder,Gasoline,6-Speed Manual,2 wheel drive - front,Two Door
Used 2016 Honda CR-V FWD Touring,"27,158",Sport Utility,White,Black,City 25/Hwy 31/Comb 27 MPG,4-Cylinder,Gasoline,Continuously Variable Automatic,2 wheel drive - front,Four Door
Certified 2017 Honda CR-V AWD EX-L,"71,568",Sport Utility,Basque Red Pearl Ii,Gray,City 27/Hwy 33/Comb 29 MPG,4-Cylinder Turbo,Gasoline,Continuously Variable Automatic,All wheel drive,Four Door
Certified 2018 Honda Accord 1.5T Sport,"33,005",Sedan,Crystal Black Pearl,Black,City 29/Hwy 35/Comb 31 MPG,4-Cylinder Turbo,Gasoline,Continuously Variable Automatic,2 wheel drive - front,Four Door
Used 2018 Honda Civic Touring Sedan,"3,298",Sedan,Taffeta White,Black,City 32/Hwy 42/Comb 36 MPG,4-Cylinder Turbo,Gasoline,Continuously Variable Automatic,2 wheel drive - front,Four Door
Used 2019 Honda CR-V AWD EX-L,350,Sport Utility,,,City 27/Hwy 33/Comb 29 MPG,4-Cylinder Turbo,Gasoline,Continuously Variable Automatic,All wheel drive,Four Door
Used 2018 Honda Civic Touring Sedan,"2,520",Sedan,Lunar Silver Metallic,Black,City 32/Hwy 42/Comb 36 MPG,4-Cylinder Turbo,Gasoline,Continuously Variable Automatic,2 wheel drive - front,Four Door
Used 2018 Honda Civic Si Coupe,"11,258",Coupe,Taffeta White,Black,City 28/Hwy 38/Comb 32 MPG,4-Cylinder,Gasoline,6-Speed Manual,2 wheel drive - front,Two Door
Used 2017 Honda CR-V AWD EX,"29,312",Sport Utility,Molten Lava Pearl,Ivory,City 27/Hwy 33/Comb 29 MPG,4-Cylinder Turbo,Gasoline,Continuously Variable Automatic,All wheel drive,Four Door
Used 2017 Honda Pilot 4WD EX,"59,778",Sport Utility,Gray,Gray,City 18/Hwy 26/Comb 21 MPG,6-Cylinder,Gasoline,6-Speed Automatic,All wheel drive,Four Door
Certified 2017 Honda CR-V FWD EX-L,"37,526",Sport Utility,Crystal Black Pearl,Black,City 27/Hwy 33/Comb 29 MPG,4-Cylinder Turbo,Gasoline,Continuously Variable Automatic,2 wheel drive - front,Four Door
Used 2016 Honda Pilot FWD LX,"37,514",Sport Utility,Black,Gray,City 18/Hwy 26/Comb 21 MPG,6-Cylinder,Gasoline,6-Speed Automatic,2 wheel drive - front,Four Door
Used 2016 Honda Accord Touring Coupe,"21,879",Coupe,White,Black,,6-Cylinder,Gasoline,6-Speed Automatic,2 wheel drive - front,Two Door
Used 2018 Honda CR-V FWD EX,"8,006",Sport Utility,White Diamond Pearl,Ivory,City 27/Hwy 33/Comb 29 MPG,4-Cylinder Turbo,Gasoline,Continuously Variable Automatic,2 wheel drive - front,Four Door
Used 2014 Honda Ridgeline SE,"77,808",Truck,Silver,Black,City 15/Hwy 21/Comb 17 MPG,6-Cylinder,Gasoline,5-Speed Automatic,4 wheel drive,Four Door
Certified 2017 Honda Civic Sport Touring Hatchback,"15,830",Hatchback,Black,Other,City 31/Hwy 40/Comb 34 MPG,4-Cylinder Turbo,Gasoline,Continuously Variable Automatic,2 wheel drive - front,Four Door
Used 2017 Honda Ridgeline AWD RTL-T,"53,474",Truck,White,Black,City 18/Hwy 25/Comb 21 MPG,6-Cylinder,Gasoline,6-Speed Automatic,All wheel drive,Four Door
Used 2016 Honda Accord Sport Sedan,"15,368",Sedan,Silver,Black,City 26/Hwy 35/Comb 30 MPG,4-Cylinder,Gasoline,Continuously Variable Automatic,2 wheel drive - front,Four Door
Used 2016 Honda Odyssey EX-L,"32,401",Van,Modern Steel Metallic,Gray,City 19/Hwy 28/Comb 22 MPG,6-Cylinder,Gasoline,6-Speed Automatic,2 wheel drive - front,Four Door
Certified 2018 Honda Pilot FWD LX,"17,348",Sport Utility,Black Forest Pearl,Beige,City 18/Hwy 26/Comb 21 MPG,6-Cylinder,Gasoline,6-Speed Automatic,2 wheel drive - front,Four Door
Certified 2018 Honda Pilot FWD EX,"30,010",Sport Utility,White,Beige,City 18/Hwy 26/Comb 21 MPG,6-Cylinder,Gasoline,6-Speed Automatic,2 wheel drive - front,Four Door
Used 2016 Honda Odyssey Touring,"36,671",Van,Burgundy,Gray,City 19/Hwy 28/Comb 22 MPG,6-Cylinder,Gasoline,6-Speed Automatic,2 wheel drive - front,Four Door
Used 2018 Honda Accord 1.5T Touring,"8,528",Sedan,Black,Black,City 29/Hwy 35/Comb 31 MPG,4-Cylinder Turbo,Gasoline,Continuously Variable Automatic,2 wheel drive - front,Four Door
Used 2018 Honda Accord 2.0T EX-L,"4,087",Sedan,Radiant Red Metallic,Ivory,City 30/Hwy 38/Comb 33 MPG,4-Cylinder Turbo,Gasoline,10-Speed Automatic,2 wheel drive - front,Four Door
Certified 2016 Honda Pilot 4WD EX-L,"50,190",Sport Utility,Modern Steel Metallic,Gray,City 18/Hwy 26/Comb 21 MPG,6-Cylinder,Gasoline,6-Speed Automatic,All wheel drive,Four Door
Used 2017 Honda Ridgeline AWD RTL-T,"54,852",Truck,Gray,No Color,City 18/Hwy 25/Comb 21 MPG,6-Cylinder,Gasoline,6-Speed Automatic,All wheel drive,Four Door
Used 2016 Honda Pilot 4WD EX-L,"33,721",Sport Utility,Gray,Black,City 18/Hwy 26/Comb 21 MPG,6-Cylinder,Gasoline,6-Speed Automatic,All wheel drive,Four Door
Certified 2018 Honda CR-V AWD EX-L,"15,938",Sport Utility,Modern Steel Metallic,Gray,City 27/Hwy 33/Comb 29 MPG,4-Cylinder Turbo,Gasoline,Continuously Variable Automatic,All wheel drive,Four Door
Certified 2018 Honda Pilot FWD EX,"25,430",Sport Utility,White Diamond Pearl,Beige,City 18/Hwy 26/Comb 21 MPG,6-Cylinder,Gasoline,6-Speed Automatic,2 wheel drive - front,Four Door
Certified 2018 Honda Accord 1.5T Touring,"9,712",Sedan,Lunar Silver Metallic,Black,City 29/Hwy 35/Comb 31 MPG,4-Cylinder Turbo,Gasoline,Continuously Variable Automatic,2 wheel drive - front,Four Door
Used 2016 Honda Pilot 4WD Touring,"46,899",Sport Utility,Blue,Black,City 19/Hwy 26/Comb 21 MPG,6-Cylinder,Gasoline,Automatic,4 wheel drive - front wheel default,Four Door
Certified 2018 Honda CR-V AWD Touring,"19,255",Sport Utility,White Diamond Pearl,,City 27/Hwy 33/Comb 29 MPG,4-Cylinder Turbo,Gasoline,Continuously Variable Automatic,All wheel drive,Four Door
Used 2018 Honda Ridgeline 2WD RTL-T,"6,626",Truck,White Diamond Pearl,Black,City 18/Hwy 25/Comb 21 MPG,6-Cylinder,Gasoline,6-Speed Automatic,2 wheel drive - front,Four Door
Certified 2017 Honda Accord Sport Sedan,"25,804",Sedan,Blue,Other,City 26/Hwy 34/Comb 29 MPG,4-Cylinder,Gasoline,Continuously Variable Automatic,2 wheel drive - front,Four Door
Certified 2018 Honda Pilot 4WD EX-L,"28,863",Sport Utility,White,Black,City 18/Hwy 26/Comb 21 MPG,6-Cylinder,Gasoline,6-Speed Automatic,All wheel drive,Four Door
Used 2017 Honda Pilot 4WD EX-L,"34,890",Sport Utility,Lunar Silver Metallic,,City 18/Hwy 26/Comb 21 MPG,6-Cylinder,Gasoline,6-Speed Automatic,All wheel drive,Four Door
Used 2016 Honda Pilot 4WD Touring,"16,557",Sport Utility,Blue,Gray,City 19/Hwy 26/Comb 21 MPG,6-Cylinder,Gasoline,9-Speed Automatic,All wheel drive,Four Door
Used 2014 Honda Accord Sport Sedan,"85,809",Sedan,Hematite Metallic,Black,City 26/Hwy 34/Comb 29 MPG,4-Cylinder,Gasoline,Continuously Variable Automatic,2 wheel drive - front,Four Door
Used 2019 Honda Accord 2.0T Touring,"4,751",Sedan,White,Black,,4-Cylinder Turbo,Gasoline,10-Speed Automatic,2 wheel drive - front,Four Door
Used 2016 Honda Pilot 4WD Elite,"44,009",Sport Utility,Lunar Silver Metallic,Gray,City 19/Hwy 26/Comb 21 MPG,6-Cylinder,Gasoline,9-Speed Automatic,All wheel drive,Four Door
Used 2019 Honda Pilot FWD EX-L,"1,454",Sport Utility,Silver,Gray,City 18/Hwy 26/Comb 21 MPG,6-Cylinder,Gasoline,6-Speed Automatic,2 wheel drive - front,Four Door
Used 2019 Honda Pilot 4WD EX-L,"3,181",Sport Utility,White Diamond Pearl,Be,City 18/Hwy 26/Comb 21 MPG,6-Cylinder,Gasoline,6-Speed Automatic,4 wheel drive - front wheel default,Four Door
Used 2019 Honda Pilot 4WD EX-L,"3,509",Sport Utility,White Diamond Pearl,Be,City 18/Hwy 26/Comb 21 MPG,6-Cylinder,Gasoline,6-Speed Automatic,All wheel drive,Four Door
Used 2019 Honda Passport AWD Elite,"7,379",Sport Utility,Black,Black,City 19/Hwy 24/Comb 21 MPG,6-Cylinder,Gasoline,9-Speed Automatic,All wheel drive,Four Door
Used 2001 Honda Odyssey EX,"165,628",Van,Gray,Gray,City 16/Hwy 23/Comb 18 MPG,6-Cylinder,Gasoline,4-Speed Automatic,2 wheel drive - front,Four Door
Used 2017 Honda Civic LX-P Coupe,"23,857",Coupe,Taffeta White,,City 30/Hwy 39/Comb 34 MPG,4-Cylinder,Gasoline,Continuously Variable Automatic,2 wheel drive - front,Two Door
Used 2000 Honda Accord LX Sedan,"184,221",Sedan,Silver,Gray,City 20/Hwy 28/Comb 23 MPG,4-Cylinder,Gasoline,4-Speed Automatic,2 wheel drive - front,Four Door
Used 2010 Honda Civic LX,"166,424",Sedan,Atomic Blue Metallic,Gray,City 25/Hwy 36/Comb 29 MPG,4-Cylinder,Gasoline,5-Speed Automatic,2 wheel drive - front,Four Door
Used 2009 Honda Accord EX Sedan,"96,000",Sedan,Burgundy,Beige,City 21/Hwy 30/Comb 24 MPG,4-Cylinder,Gasoline,5-Speed Automatic,2 wheel drive - front,Four Door
Used 1993 Honda Civic Si,"25,989",Coupe,Red,Black,City 25/Hwy 30/Comb 27 MPG,4-Cylinder,Gasoline,4-Speed Automatic,2 wheel drive - front,Two Door
Used 2010 Honda Civic LX-S Sedan,"112,060",Sedan,Polished Metal Metallic,Gray,City 25/Hwy 36/Comb 29 MPG,4-Cylinder,Gasoline,5-Speed Automatic,2 wheel drive - front,Four Door
Used 2008 Honda CR-V LX,"136,447",Sport Utility,Beige,Ivory,City 20/Hwy 26/Comb 22 MPG,4-Cylinder,Gasoline,5-Speed Automatic,2 wheel drive - front,Four Door
Used 2008 Honda Ridgeline RTX,"161,296",Truck,Silver,Gray,City 15/Hwy 20/Comb 17 MPG,6-Cylinder,Gasoline,5-Speed Automatic,4 wheel drive,Four Door
Used 2008 Honda Civic Hybrid Sedan,"32,864",Sedan,White,Tan,Gas - City 40/Hwy 45/Comb 42 MPG,Hybrid,Hybrid Gas/Electric,Continuously Variable Automatic,2 wheel drive - front,Four Door
Used 2012 Honda Accord LX Sedan,"137,000",Sedan,Gray,Gray,City 23/Hwy 34/Comb 27 MPG,4-Cylinder,Gasoline,5-Speed Automatic,2 wheel drive - front,Four Door
Used 2012 Honda Civic EX Sedan,"149,414",Sedan,Blue,Tan,City 28/Hwy 39/Comb 32 MPG,4-Cylinder,Gasoline,5-Speed Automatic,2 wheel drive - front,Four Door
Used 2012 Honda Accord EX-L,"150,107",Sedan,Gray,Gray,City 23/Hwy 34/Comb 27 MPG,4-Cylinder,Gasoline,5-Speed Automatic,2 wheel drive - front,Four Door
Used 2007 Honda Element EX,"86,864",Sport Utility,Atomic Blue Metallic,Gray/Black,City 19/Hwy 24/Comb 21 MPG,4-Cylinder,Gasoline,5-Speed Automatic,2 wheel drive - front,Two Door
Used 2010 Honda CR-V LX,"109,507",Sport Utility,Urban Titanium Metallic,Black,City 21/Hwy 27/Comb 23 MPG,4-Cylinder,Gasoline,5-Speed Automatic,2 wheel drive - front,Four Door
Used 2014 Honda Accord EX-L,"157,711",Sedan,Tan,Ivory,City 27/Hwy 36/Comb 30 MPG,6-Cylinder,Gasoline,6-Speed Automatic,2 wheel drive - front,Four Door
Used 2010 Honda CR-V 2WD LX,"70,757",Sport Utility,Teal,Tan,City 21/Hwy 27/Comb 23 MPG,4-Cylinder,Gasoline,5-Speed Automatic,2 wheel drive - front,Four Door
Certified 2017 Honda Pilot FWD Touring,"27,873",Sport Utility,White Diamond Pearl,Beige,City 19/Hwy 26/Comb 22 MPG,6-Cylinder,Gasoline,9-Speed Shiftable Automatic,2 wheel drive - front,Four Door
Used 2014 Honda CR-V FWD EX,"135,861",Sport Utility,Mountain Air Metallic,Beige,City 22/Hwy 30/Comb 25 MPG,4-Cylinder,Gasoline,5-Speed Automatic,2 wheel drive - front,Four Door
Used 2013 Honda Fit,"61,719",Hatchback,Dk. Red,Gray,City 28/Hwy 35/Comb 31 MPG,4-Cylinder,Gasoline,5-Speed Manual,2 wheel drive - front,Four Door
Used 2011 Honda Pilot EX,"140,661",Sport Utility,Polished Metal Metallic,Gray,City 16/Hwy 22/Comb 18 MPG,6-Cylinder,Gasoline,5-Speed Automatic,2 wheel drive - front,Four Door
Certified 2017 Honda Pilot 4WD EX,"44,687",Sport Utility,Dark Cherry Pearl,Beige,City 18/Hwy 26/Comb 21 MPG,6-Cylinder,Gasoline,6-Speed Automatic,4 wheel drive - front wheel default,Four Door
Used 2016 Honda Accord LX Sedan,"85,000",Sedan,Black,Black,City 27/Hwy 37/Comb 31 MPG,4-Cylinder,Gasoline,Continuously Variable Automatic,2 wheel drive - front,Four Door
Used 2009 Honda Civic LX,"63,469",Sedan,Silver,Gray,City 25/Hwy 36/Comb 29 MPG,4-Cylinder,Gasoline,5-Speed Automatic,2 wheel drive - front,Four Door
Used 2010 Honda CR-V EX,"85,019",Sport Utility,Blue,Black,City 21/Hwy 27/Comb 23 MPG,4-Cylinder,Gasoline,5-Speed Automatic,4 wheel drive - front wheel default,Four Door
Used 2012 Honda Accord EX-L,"113,652",Coupe,Black,Black,City 22/Hwy 33/Comb 26 MPG,6-Cylinder,Gasoline,5-Speed Shiftable Automatic,2 wheel drive - front,Two Door
Used 2014 Honda CR-V EX-L,"94,392",Sport Utility,Urban Titanium Metallic,,City 22/Hwy 30/Comb 25 MPG,4-Cylinder,Gasoline,5-Speed Automatic,2 wheel drive - front,Four Door
Used 2012 Honda Odyssey EX-L,"106,710",Van,Crystal Black Pearl,Gray,City 18/Hwy 27/Comb 21 MPG,6-Cylinder,Gasoline,5-Speed Automatic,2 wheel drive - front,Four Door
Used 2016 Honda Civic LX Sedan,"44,439",Sedan,Modern Steel Metallic,,City 31/Hwy 41/Comb 35 MPG,4-Cylinder,Gasoline,Continuously Variable Automatic,2 wheel drive - front,Four Door
Used 2017 Honda Fit LX,"33,717",Hatchback,Aegean Blue Metallic,Black,City 33/Hwy 40/Comb 36 MPG,4-Cylinder,Gasoline,Continuously Variable Automatic,2 wheel drive - front,Four Door
Used 2016 Honda Civic LX Sedan,"36,356",Sedan,Black,Black,City 31/Hwy 41/Comb 35 MPG,4-Cylinder,Gasoline,Continuously Variable Automatic,2 wheel drive - front,Four Door
Used 2013 Honda Civic Si,"92,368",Sedan,Crystal Black Pearl,Black,City 22/Hwy 31/Comb 25 MPG,4-Cylinder,Gasoline,6-Speed Manual,2 wheel drive - front,Four Door
Used 2013 Honda Civic Si Sedan,"95,116",Sedan,Dyno Blue Pearl,Black,City 22/Hwy 31/Comb 25 MPG,4-Cylinder,Gasoline,6-Speed Manual,2 wheel drive - front,Four Door
Used 2016 Honda Civic LX Sedan,"46,321",Sedan,Rallye Red,,City 31/Hwy 41/Comb 35 MPG,4-Cylinder,Gasoline,Continuously Variable Automatic,2 wheel drive - front,Four Door
Used 2013 Honda CR-V AWD LX,"48,542",Sport Utility,Blue,,City 22/Hwy 30/Comb 25 MPG,4-Cylinder,Gasoline,5-Speed Automatic,All wheel drive,Four Door
Used 2009 Honda Odyssey EX,"64,069",Van,Gray,Gray,City 16/Hwy 23/Comb 18 MPG,6-Cylinder,Gasoline,5-Speed Automatic,2 wheel drive - front,Four Door
Used 2015 Honda CR-V FWD EX,"73,490",Sport Utility,Basque Red Pearl Ii,Gray,City 26/Hwy 33/Comb 28 MPG,4-Cylinder,Gasoline,Continuously Variable Automatic,2 wheel drive - front,Four Door
Used 2017 Honda Accord LX-S Coupe,"39,420",Coupe,Gray,Gray,City 26/Hwy 34/Comb 29 MPG,4-Cylinder,Gasoline,Continuously Variable Automatic,2 wheel drive - front,Two Door
Used 2013 Honda Accord EX-L V6,"51,850",Coupe,White,Tan,City 26/Hwy 35/Comb 29 MPG,6-Cylinder,Gasoline,6-Speed Shiftable Automatic,2 wheel drive - front,Two Door
Used 2016 Honda Civic LX Sedan,"23,424",Sedan,Aegean Blue Metallic,,City 31/Hwy 41/Comb 35 MPG,4-Cylinder,Gasoline,Continuously Variable Automatic,2 wheel drive - front,Four Door
Used 2014 Honda Accord Sedan,"79,342",Sedan,Tan,Tan,City 27/Hwy 36/Comb 30 MPG,6-Cylinder,Gasoline,6-Speed Automatic,2 wheel drive - front,Four Door
Used 2016 Honda Civic Touring Sedan,"107,036",Sedan,White,Taupe,35 MPG Combined,4-Cylinder Turbo,Gasoline,Continuously Variable Automatic,2 wheel drive - front,Four Door
Used 2009 Honda CR-V EX-L,"81,853",Sport Utility,White,Gray,City 20/Hwy 26/Comb 22 MPG,4-Cylinder,Gasoline,5-Speed Automatic,4 wheel drive - front wheel default,Four Door
Used 2013 Honda Accord EX-L,"63,282",Sedan,Alabaster Silver Metallic,,City 26/Hwy 35/Comb 29 MPG,4-Cylinder,Gasoline,Continuously Variable Automatic,2 wheel drive - front,Four Door
Used 2018 Honda HR-V FWD EX,"59,502",Sport Utility,Gray,Black,City 27/Hwy 31/Comb 29 MPG,4-Cylinder,Gasoline,Continuously Variable Automatic,2 wheel drive - front,Four Door
Certified 2017 Honda Pilot FWD Touring,"27,873",Sport Utility,White Diamond Pearl,Beige,City 19/Hwy 26/Comb 22 MPG,6-Cylinder,Gasoline,9-Speed Shiftable Automatic,2 wheel drive - front,Four Door
Used 2016 Honda Civic LX Sedan,"46,375",Sedan,Crystal Black Pearl,,City 31/Hwy 41/Comb 35 MPG,4-Cylinder,Gasoline,Continuously Variable Automatic,2 wheel drive - front,Four Door
Used 2014 Honda CR-V FWD LX,"37,326",Sport Utility,Alabaster Silver Metallic,Gray,City 22/Hwy 30/Comb 25 MPG,4-Cylinder,Gasoline,5-Speed Automatic,2 wheel drive - front,Four Door
Used 2017 Honda Civic LX Sedan,"34,853",Sedan,Aegean Blue Metallic,Black Cloth,City 31/Hwy 40/Comb 34 MPG,4-Cylinder,Gasoline,Continuously Variable Automatic,2 wheel drive - front,Four Door
Certified 2017 Honda Pilot 4WD EX,"44,687",Sport Utility,Dark Cherry Pearl,Beige,City 18/Hwy 26/Comb 21 MPG,6-Cylinder,Gasoline,6-Speed Automatic,4 wheel drive - front wheel default,Four Door
Used 2017 Honda Civic LX Sedan,"27,370",Sedan,Black,Other,City 31/Hwy 40/Comb 34 MPG,4-Cylinder,Gasoline,Continuously Variable Automatic,2 wheel drive - front,Four Door
Used 2016 Honda CR-V AWD SE,"63,912",Sport Utility,,,City 25/Hwy 31/Comb 27 MPG,4-Cylinder,Gasoline,Continuously Variable Automatic,All wheel drive,Four Door
Used 2016 Honda CR-V FWD LX,"35,204",Sport Utility,Black,Gray,City 25/Hwy 31/Comb 27 MPG,4-Cylinder,Gasoline,Continuously Variable Automatic,2 wheel drive - front,Four Door
Used 2016 Honda CR-V FWD SE,"42,344",Sport Utility,Gray,Gray,City 25/Hwy 31/Comb 27 MPG,4-Cylinder,Gasoline,Continuously Variable Automatic,2 wheel drive - front,Four Door
Used 2009 Honda Ridgeline RTL,"95,824",Truck,Silver,No Color,City 15/Hwy 20/Comb 17 MPG,6-Cylinder,Gasoline,5-Speed Automatic,4 wheel drive - front wheel default,Four Door
Used 2014 Honda CR-V FWD EX,"57,815",Sport Utility,Polished Metal Metallic,Gray,City 22/Hwy 30/Comb 25 MPG,4-Cylinder,Gasoline,5-Speed Automatic,2 wheel drive - front,Four Door
Used 2014 Honda CR-V FWD LX,"37,115",Sport Utility,Polished Metal,Gray,City 22/Hwy 30/Comb 25 MPG,4-Cylinder,Gasoline,5-Speed Automatic,2 wheel drive - front,Four Door
Used 2017 Honda Fit LX,"33,717",Hatchback,Aegean Blue Metallic,Black,City 33/Hwy 40/Comb 36 MPG,4-Cylinder,Gasoline,Continuously Variable Automatic,2 wheel drive - front,Four Door
Used 2017 Honda Accord LX Sedan,"36,229",Sedan,Champagne,Beige,City 27/Hwy 36/Comb 30 MPG,4-Cylinder,Gasoline,Continuously Variable Automatic,2 wheel drive - front,Four Door
Used 2019 Honda Fit LX,39,Hatchback,Modern Steel Metallic,Black,City 33/Hwy 40/Comb 36 MPG,4-Cylinder,Gasoline,Continuously Variable Automatic,2 wheel drive - front,Four Door
Used 2016 Honda Accord LX Sedan,"33,316",Sedan,Basque Red Pearl Ii,,City 27/Hwy 37/Comb 31 MPG,4-Cylinder,Gasoline,Continuously Variable Automatic,2 wheel drive - front,Four Door
Used 2015 Honda Accord Sport Sedan,"57,305",Sedan,Blue,Black,City 26/Hwy 35/Comb 29 MPG,4-Cylinder,Gasoline,Continuously Variable Automatic,2 wheel drive - front,Four Door
Used 2016 Honda CR-V FWD SE,"32,975",Sport Utility,White,Black,City 25/Hwy 31/Comb 27 MPG,4-Cylinder,Gasoline,Continuously Variable Automatic,2 wheel drive - front,Four Door
Used 2016 Honda CR-V FWD SE,"41,013",Sport Utility,Gray,Gray,City 25/Hwy 31/Comb 27 MPG,4-Cylinder,Gasoline,Continuously Variable Automatic,2 wheel drive - front,Four Door
Used 2015 Honda CR-V FWD EX,"46,179",Sport Utility,Brown,Black,City 26/Hwy 33/Comb 28 MPG,4-Cylinder,Gasoline,Continuously Variable Automatic,2 wheel drive - front,Four Door
Used 2017 Honda Accord LX Sedan,"25,793",Sedan,Tan,Beige,City 27/Hwy 36/Comb 30 MPG,4-Cylinder,Gasoline,Continuously Variable Automatic,2 wheel drive - front,Four Door
Certified 2016 Honda Civic EX-T Coupe,"41,112",Coupe,Lunar Silver Metallic,Black/Gray,35 MPG Combined,4-Cylinder Turbo,Gasoline,Continuously Variable Automatic,2 wheel drive - front,Two Door
Used 2015 Honda Civic EX-L Sedan,"49,123",Sedan,Modern Steel Metallic,Gray,City 30/Hwy 39/Comb 33 MPG,4-Cylinder,Gasoline,Continuously Variable Automatic,2 wheel drive - front,Four Door
Certified 2017 Honda Civic LX Sedan,"26,952",Sedan,Modern Steel Metallic,Black,City 31/Hwy 40/Comb 34 MPG,4-Cylinder,Gasoline,Continuously Variable Automatic,2 wheel drive - front,Four Door
Used 2016 Honda CR-V FWD SE,"45,212",Sport Utility,Urban Titanium Metallic,,City 25/Hwy 31/Comb 27 MPG,4-Cylinder,Gasoline,Continuously Variable Automatic,2 wheel drive - front,Four Door
Used 2016 Honda CR-V FWD SE,"40,106",Sport Utility,Gray,Beige,City 25/Hwy 31/Comb 27 MPG,4-Cylinder,Gasoline,Continuously Variable Automatic,2 wheel drive - front,Four Door
Used 2016 Honda CR-V FWD SE,"36,442",Sport Utility,Black,Black,City 25/Hwy 31/Comb 27 MPG,4-Cylinder,Gasoline,Continuously Variable Automatic,2 wheel drive - front,Four Door
Used 2016 Honda CR-V FWD LX,"31,038",Sport Utility,Silver,Gray,City 25/Hwy 31/Comb 27 MPG,4-Cylinder,Gasoline,Continuously Variable Automatic,2 wheel drive - front,Four Door
Used 2018 Honda Civic Touring Sedan,"3,298",Sedan,Taffeta White,Black,City 32/Hwy 42/Comb 36 MPG,4-Cylinder Turbo,Gasoline,Continuously Variable Automatic,2 wheel drive - front,Four Door
Used 2019 Honda Fit LX,"20,638",Hatchback,Milano Red,Black,City 33/Hwy 40/Comb 36 MPG,4-Cylinder,Gasoline,Continuously Variable Automatic,2 wheel drive - front,Four Door
Used 2013 Honda Civic Si,"60,481",Sedan,Dyno Blue Pearl,Black,City 22/Hwy 31/Comb 25 MPG,4-Cylinder,Gasoline,6-Speed Manual,2 wheel drive - front,Four Door
Used 2014 Honda CR-V FWD EX,"40,413",Sport Utility,Blue,Gray,City 22/Hwy 30/Comb 25 MPG,4-Cylinder,Gasoline,5-Speed Automatic,2 wheel drive - front,Four Door
Used 2015 Honda Odyssey EX-L,"61,400",Van,White Diamond Pearl,Truffle,City 19/Hwy 28/Comb 22 MPG,6-Cylinder,Gasoline,6-Speed Automatic,2 wheel drive - front,Four Door
Used 2016 Honda Civic Touring Sedan,"68,642",Sedan,Lunar Silver Metallic,,35 MPG Combined,4-Cylinder Turbo,Gasoline,Continuously Variable Automatic,2 wheel drive - front,Four Door
Used 2016 Honda CR-V FWD EX,"41,013",Sport Utility,Black,Black,City 25/Hwy 31/Comb 27 MPG,4-Cylinder,Gasoline,Continuously Variable Automatic,2 wheel drive - front,Four Door
Used 2016 Honda CR-V AWD EX,"42,948",Sport Utility,Gray,Gray,City 25/Hwy 31/Comb 27 MPG,4-Cylinder,Gasoline,Continuously Variable Automatic,All wheel drive,Four Door
Certified 2017 Honda Civic LX Sedan,"2,510",Sedan,Purple,,City 31/Hwy 40/Comb 34 MPG,4-Cylinder,Gasoline,Continuously Variable Automatic,2 wheel drive - front,Four Door
Used 2016 Honda Civic EX-T Sedan,"32,266",Sedan,White,Beige,35 MPG Combined,4-Cylinder Turbo,Gasoline,Continuously Variable Automatic,2 wheel drive - front,Four Door
Used 2018 Honda Civic Sport Hatchback,"27,877",Hatchback,White,Beige,City 30/Hwy 36/Comb 32 MPG,4-Cylinder Turbo,Gasoline,Continuously Variable Automatic,2 wheel drive - front,Four Door
Certified 2016 Honda Civic EX Sedan,"24,060",Sedan,Silver,,City 31/Hwy 41/Comb 35 MPG,4-Cylinder,Gasoline,Continuously Variable Automatic,2 wheel drive - front,Four Door
Certified 2018 Honda Odyssey EX-L,"17,099",Van,White Diamond Pearl,Mocha,City 19/Hwy 28/Comb 22 MPG,6-Cylinder,Gasoline,9-Speed Automatic,2 wheel drive - front,Four Door
Used 2014 Honda CR-V FWD EX,"50,983",Sport Utility,Black,Black,City 22/Hwy 30/Comb 25 MPG,4-Cylinder,Gasoline,5-Speed Automatic,2 wheel drive - front,Four Door
Used 2016 Honda CR-V AWD LX,"32,061",Sport Utility,Alabaster Silver Metallic,,City 25/Hwy 31/Comb 27 MPG,4-Cylinder,Gasoline,Continuously Variable Automatic,All wheel drive,Four Door
Certified 2019 Honda Civic LX Sedan,"13,519",Sedan,Gray,Gray,City 30/Hwy 38/Comb 33 MPG,4-Cylinder,Gasoline,Continuously Variable Automatic,2 wheel drive - front,Four Door
Used 2019 Honda Civic LX Sedan,"11,800",Sedan,Gray,Gray,City 30/Hwy 38/Comb 33 MPG,4-Cylinder,Gasoline,Continuously Variable Automatic,2 wheel drive - front,Four Door
Used 2017 Honda Civic LX Hatchback,"24,637",Hatchback,,Black,City 31/Hwy 40/Comb 34 MPG,4-Cylinder Turbo,Gasoline,Continuously Variable Automatic,2 wheel drive - front,Four Door
Used 2014 Honda CR-V FWD EX-L,"40,328",Sport Utility,Alabaster Silver,Gray,City 22/Hwy 30/Comb 25 MPG,4-Cylinder,Gasoline,5-Speed Automatic,2 wheel drive - front,Four Door
Certified 2017 Honda HR-V FWD LX,"25,687",Sport Utility,White Orchid Pearl,Gry Cloth,City 28/Hwy 34/Comb 31 MPG,4-Cylinder,Gasoline,Continuously Variable Automatic,2 wheel drive - front,Four Door
Used 2014 Honda Accord Plug-In Sedan,"54,784",Sedan,Black,Gray,Gas - 46 MPG Combined | Electric - 115 MPGe Combined,4-Cylinder,Hybrid Gas/Electric,Continuously Variable Automatic,2 wheel drive - front,Four Door
Certified 2016 Honda Civic EX Sedan,"36,674",Sedan,Blue,Other,City 31/Hwy 41/Comb 35 MPG,4-Cylinder,Gasoline,Continuously Variable Automatic,2 wheel drive - front,Four Door
Used 2017 Honda Civic EX-L Hatchback,"44,118",Hatchback,Taffeta White,Black,,4-Cylinder Turbo,Gasoline,Continuously Variable Automatic,2 wheel drive - front,Four Door
Used 2013 Honda CR-V FWD EX-L,"43,385",Sport Utility,Mountain Air Metallic,Beige,City 22/Hwy 30/Comb 25 MPG,4-Cylinder,Gasoline,5-Speed Automatic,2 wheel drive - front,Four Door
Used 2017 Honda Civic EX Sedan,"32,008",Sedan,Lunar Silver Metallic,Black,City 31/Hwy 40/Comb 34 MPG,4-Cylinder,Gasoline,Continuously Variable Automatic,2 wheel drive - front,Four Door
Used 2017 Honda Civic EX-T Sedan,"18,534",Sedan,Blue,Black,City 32/Hwy 42/Comb 36 MPG,4-Cylinder Turbo,Gasoline,Continuously Variable Automatic,2 wheel drive - front,Four Door
Certified 2017 Honda Accord EX-L Sedan,"63,935",Sedan,Lunar Silver Metallic,Gray,City 27/Hwy 36/Comb 30 MPG,4-Cylinder,Gasoline,Continuously Variable Automatic,2 wheel drive - front,Four Door
Used 2018 Honda Civic LX Sedan,"4,683",Sedan,Black,Gray,City 31/Hwy 40/Comb 34 MPG,4-Cylinder,Gasoline,Continuously Variable Automatic,2 wheel drive - front,Four Door
Certified 2017 Honda Civic Si Coupe,"25,838",Coupe,Taffeta White,Black,City 28/Hwy 38/Comb 32 MPG,4-Cylinder,Gasoline,6-Speed Manual,2 wheel drive - front,Two Door
Used 2016 Honda Civic EX-T Sedan,"18,873",Sedan,Blue,Gray,35 MPG Combined,4-Cylinder Turbo,Gasoline,Continuously Variable Automatic,2 wheel drive - front,Four Door
Used 2012 Honda Pilot 4WD EX-L,"69,117",Sport Utility,Crystal Black Pearl,Black,City 17/Hwy 24/Comb 20 MPG,6-Cylinder,Gasoline,5-Speed Automatic,4 wheel drive,Four Door
Used 2017 Honda Accord Sport Special Edition Sedan,"25,622",Sedan,Crystal Black Pearl,Black,City 26/Hwy 34/Comb 29 MPG,4-Cylinder,Gasoline,Continuously Variable Automatic,2 wheel drive - front,Four Door
Used 2017 Honda Civic LX,"18,797",Hatchback,Gray,Tan,City 31/Hwy 40/Comb 36 MPG,4-Cylinder Turbo,Gasoline,Continuously Variable Automatic,2 wheel drive - front,Four Door
Used 2016 Honda CR-V AWD EX-L,"48,850",Sport Utility,Alabaster Silver Metallic,,City 25/Hwy 31/Comb 27 MPG,4-Cylinder,Gasoline,Continuously Variable Automatic,All wheel drive,Four Door
Used 2016 Honda CR-V FWD EX-L,"34,165",Sport Utility,Silver,Black,City 25/Hwy 31/Comb 27 MPG,4-Cylinder,Gasoline,Continuously Variable Automatic,2 wheel drive - front,Four Door
Used 2016 Honda Odyssey Touring,"99,575",Van,Gray,Gray,City 19/Hwy 28/Comb 22 MPG,6-Cylinder,Gasoline,6-Speed Automatic,2 wheel drive - front,Four Door
Certified 2019 Honda Civic Sport Sedan,"10,577",Sedan,White,Black,City 30/Hwy 38/Comb 33 MPG,4-Cylinder,Gasoline,Continuously Variable Automatic,2 wheel drive - front,Four Door
Used 2017 Honda CR-V FWD EX,"48,458",Sport Utility,Gray,,City 27/Hwy 33/Comb 29 MPG,4-Cylinder Turbo,Gasoline,Continuously Variable Automatic,2 wheel drive - front,Four Door
Used 2019 Honda Civic LX Sedan,"7,053",Sedan,White,Tan,City 30/Hwy 38/Comb 33 MPG,4-Cylinder,Gasoline,Continuously Variable Automatic,2 wheel drive - front,Four Door
Used 2016 Honda CR-V FWD LX,"5,828",Sport Utility,Silver,Gray,City 25/Hwy 31/Comb 27 MPG,4-Cylinder,Gasoline,Continuously Variable Automatic,2 wheel drive - front,Four Door
Used 2016 Honda Accord EX-L Sedan,"9,865",Sedan,White,Tan,City 27/Hwy 37/Comb 31 MPG,4-Cylinder,Gasoline,Continuously Variable Automatic,2 wheel drive - front,Four Door
Used 2017 Honda Accord EX-L Sedan,"41,489",Sedan,Gold,,City 27/Hwy 36/Comb 30 MPG,4-Cylinder,Gasoline,Continuously Variable Automatic,2 wheel drive - front,Four Door
Used 2018 Honda Civic Si Coupe,"20,538",Coupe,Green,Black,City 28/Hwy 38/Comb 32 MPG,4-Cylinder,Gasoline,6-Speed Manual,2 wheel drive - front,Two Door
Used 2016 Honda CR-V FWD EX-L,"43,965",Sport Utility,Silver,Other,City 25/Hwy 31/Comb 27 MPG,4-Cylinder,Gasoline,Continuously Variable Automatic,2 wheel drive - front,Four Door
Used 2014 Honda Odyssey EX-L,"54,549",Van,Blue,Gray,City 19/Hwy 28/Comb 22 MPG,6-Cylinder,Gasoline,5-Speed Automatic,2 wheel drive - front,Four Door
Used 2016 Honda Pilot FWD LX,"53,044",Sport Utility,Crystal Black Pearl,Black,City 18/Hwy 26/Comb 21 MPG,6-Cylinder,Gasoline,6-Speed Automatic,2 wheel drive - front,Four Door
Used 2015 Honda Odyssey EX-L,"56,295",Van,White Diamond Pearl,Beige,City 19/Hwy 28/Comb 22 MPG,6-Cylinder,Gasoline,6-Speed Automatic,2 wheel drive - front,Four Door
Used 2017 Honda Civic Si Coupe,"48,629",Coupe,Black,Black,City 28/Hwy 38/Comb 32 MPG,4-Cylinder,Gasoline,6-Speed Manual,2 wheel drive - front,Two Door
Used 2019 Honda Accord 1.5T LX,"9,093",Sedan,Platinum White Pearl,Black,City 30/Hwy 38/Comb 33 MPG,4-Cylinder Turbo,Gasoline,Continuously Variable Automatic,2 wheel drive - front,Four Door
Used 2016 Honda CR-V AWD Touring,"57,325",Sport Utility,Crystal Black Pearl,Black,City 25/Hwy 31/Comb 27 MPG,4-Cylinder,Gasoline,Continuously Variable Automatic,All wheel drive,Four Door
Certified 2017 Honda Accord Sport Sedan,"25,804",Sedan,Blue,Other,City 26/Hwy 34/Comb 29 MPG,4-Cylinder,Gasoline,Continuously Variable Automatic,2 wheel drive - front,Four Door
Used 2016 Honda Pilot EX-L,"88,695",Sport Utility,Modern Steel Metallic,Black,City 18/Hwy 26/Comb 21 MPG,6-Cylinder,Gasoline,6-Speed Automatic,2 wheel drive - front,Four Door
Certified 2018 Honda Civic EX-T Sedan,"6,063",Sedan,Aegean Blue Metallic,Black,City 32/Hwy 42/Comb 36 MPG,4-Cylinder Turbo,Gasoline,Continuously Variable Automatic,2 wheel drive - front,Four Door
Used 2018 Honda CR-V AWD LX,"33,089",Sport Utility,Nighthawk Black,Ebony,City 25/Hwy 31/Comb 27 MPG,4-Cylinder,Gasoline,Continuously Variable Automatic,All wheel drive,Four Door
Certified 2018 Honda HR-V AWD EX,"8,490",Sport Utility,Milano Red,Black,City 27/Hwy 31/Comb 29 MPG,4-Cylinder,Gasoline,Continuously Variable Automatic,All wheel drive,Four Door
Used 2019 Honda Civic EX Hatchback,"6,446",Hatchback,,,City 31/Hwy 40/Comb 34 MPG,4-Cylinder Turbo,Gasoline,Continuously Variable Automatic,2 wheel drive - front,Four Door
Used 2017 Honda Civic LX-P Coupe,"23,857",Coupe,Taffeta White,,City 30/Hwy 39/Comb 34 MPG,4-Cylinder,Gasoline,Continuously Variable Automatic,2 wheel drive - front,Two Door
Used 2019 Honda Accord 1.5T LX,"1,739",Sedan,Platinum White Pearl,Ivory,City 30/Hwy 38/Comb 33 MPG,4-Cylinder Turbo,Gasoline,Continuously Variable Automatic,2 wheel drive - front,Four Door
Certified 2018 Honda Accord 1.5T EX,"11,077",Sedan,White,Black,City 30/Hwy 38/Comb 33 MPG,4-Cylinder Turbo,Gasoline,Continuously Variable Automatic,2 wheel drive - front,Four Door
Certified 2016 Honda CR-V FWD EX-L,"18,033",Sport Utility,Gray,,City 25/Hwy 31/Comb 27 MPG,4-Cylinder,Gasoline,Continuously Variable Automatic,2 wheel drive - front,Four Door
Used 2015 Honda Accord LX Sedan,"33,900",Sedan,Gold,Other,City 27/Hwy 36/Comb 31 MPG,4-Cylinder,Gasoline,Continuously Variable Automatic,2 wheel drive - front,Four Door
Certified 2017 Honda Accord EX-L V6,"8,164",Sedan,Champagne Frost Pearl,Beige Leather,City 27/Hwy 36/Comb 30 MPG,6-Cylinder,Gasoline,Continuously Variable Automatic,2 wheel drive - front,Four Door
Certified 2018 Honda CR-V FWD LX,"2,253",Sport Utility,Modern Steel Metallic,Gray,City 25/Hwy 31/Comb 27 MPG,4-Cylinder,Gasoline,Continuously Variable Automatic,2 wheel drive - front,Four Door
Used 2018 Honda Accord 1.5T Sport,"25,538",Sedan,San Marino Red,Black,City 29/Hwy 35/Comb 31 MPG,4-Cylinder Turbo,Gasoline,Continuously Variable Automatic,2 wheel drive - front,Four Door
Used 2016 Honda Odyssey EX-L,"39,354",Van,Gray,Gray,City 19/Hwy 28/Comb 22 MPG,6-Cylinder,Gasoline,6-Speed Automatic,2 wheel drive - front,Four Door
Used 2018 Honda CR-V FWD LX,"17,781",Sport Utility,Diamond White,Black,City 25/Hwy 31/Comb 27 MPG,4-Cylinder,Gasoline,Continuously Variable Automatic,2 wheel drive - front,Four Door
Used 2018 Honda Accord 1.5T Sport,"13,359",Sedan,Modern Steel Metallic [Gray],Black,City 29/Hwy 35/Comb 31 MPG,4-Cylinder Turbo,Gasoline,Continuously Variable Automatic,2 wheel drive - front,Four Door
Used 2016 Honda Accord Touring Sedan,"28,430",Sedan,Gray,,,6-Cylinder,Gasoline,6-Speed Automatic,2 wheel drive - front,Four Door
Certified 2018 Honda CR-V FWD EX-L,"15,356",Sport Utility,Sandstorm Metallic,Ivory,City 27/Hwy 33/Comb 29 MPG,4-Cylinder Turbo,Gasoline,Continuously Variable Automatic,2 wheel drive - front,Four Door
Used 2017 Honda Pilot FWD EX-L w/ Navigation & RES,"83,844",Sport Utility,White on Black leather Navigation Camera,Black,City 18/Hwy 26/Comb 21 MPG,6-Cylinder,Gasoline,6-Speed Automatic,2 wheel drive - front,Four Door
Used 2014 Honda Odyssey Touring Elite,"63,230",Van,White Diamond Pearl,Gray,City 19/Hwy 28/Comb 22 MPG,6-Cylinder,Gasoline,6-Speed Automatic,2 wheel drive - front,Four Door
Used 2019 Honda Civic EX Sedan,23,Sedan,Blue,Black,City 32/Hwy 42/Comb 36 MPG,4-Cylinder Turbo,Gasoline,Continuously Variable Automatic,2 wheel drive - front,Four Door
Used 2019 Honda Civic EX-L Sedan,264,Sedan,Black,Black,City 32/Hwy 42/Comb 36 MPG,4-Cylinder Turbo,Gasoline,Continuously Variable Automatic,2 wheel drive - front,Four Door
Certified 2018 Honda Accord 1.5T EX-L,"11,035",Sedan,Modern Steel Metallic,Black,City 30/Hwy 38/Comb 33 MPG,4-Cylinder Turbo,Gasoline,Continuously Variable Automatic,2 wheel drive - front,Four Door
Used 2018 Honda CR-V AWD EX,"27,564",Sport Utility,,,City 27/Hwy 33/Comb 29 MPG,4-Cylinder Turbo,Gasoline,Continuously Variable Automatic,All wheel drive,Four Door
Used 2016 Honda Pilot FWD EX-L,"44,160",Sport Utility,Silver,Gray,City 18/Hwy 26/Comb 21 MPG,6-Cylinder,Gasoline,6-Speed Automatic,2 wheel drive - front,Four Door
Used 2019 Honda Accord 1.5T LX,42,Sedan,White,Black,City 30/Hwy 38/Comb 33 MPG,4-Cylinder Turbo,Gasoline,Continuously Variable Automatic,2 wheel drive - front,Four Door
Used 2016 Honda Pilot FWD EX-L,"46,085",Sport Utility,Modern Steel Metallic,,City 18/Hwy 26/Comb 21 MPG,6-Cylinder,Gasoline,6-Speed Automatic,2 wheel drive - front,Four Door
Used 2018 Honda Accord 1.5T EX,"1,656",Sedan,Gray,Gray,City 30/Hwy 38/Comb 33 MPG,4-Cylinder Turbo,Gasoline,Continuously Variable Automatic,2 wheel drive - front,Four Door
Certified 2018 Honda CR-V FWD EX,"2,234",Sport Utility,Basque Red Pearl Ii,,City 27/Hwy 33/Comb 29 MPG,4-Cylinder Turbo,Gasoline,Continuously Variable Automatic,2 wheel drive - front,Four Door
Used 2019 Honda Accord EX Hybrid,"2,708",Sedan,White,,Gas - City 48/Hwy 48/Comb 48 MPG,Hybrid,Hybrid Gas/Electric,Continuously Variable Automatic,2 wheel drive - front,Four Door
Used 2016 Honda Pilot EX-L,"31,538",Sport Utility,Crystal Black Pearl,,City 18/Hwy 26/Comb 21 MPG,6-Cylinder,Gasoline,6-Speed Automatic,2 wheel drive - front,Four Door
Used 2016 Honda Pilot 4WD EX-L,"59,119",Sport Utility,Gray,Black,City 18/Hwy 26/Comb 21 MPG,6-Cylinder,Gasoline,6-Speed Automatic,4 wheel drive - front wheel default,Four Door
Used 2017 Honda Odyssey EX-L,"25,533",Van,Modern Steel Metallic,Gray,City 19/Hwy 27/Comb 22 MPG,6-Cylinder,Gasoline,6-Speed Automatic,2 wheel drive - front,Four Door
Used 2014 Honda Civic LX Coupe,"135,273",Coupe,Taffeta White,Gray,City 30/Hwy 39/Comb 33 MPG,4-Cylinder,Gasoline,Continuously Variable Automatic,2 wheel drive - front,Two Door
Used 2017 Honda Pilot 4WD EX,"35,842",Sport Utility,,,City 18/Hwy 26/Comb 21 MPG,6-Cylinder,Gasoline,6-Speed Automatic,All wheel drive,Four Door
Used 2017 Honda CR-V AWD Touring,"27,043",Sport Utility,Gray,Other,City 27/Hwy 33/Comb 29 MPG,4-Cylinder Turbo,Gasoline,Continuously Variable Automatic,All wheel drive,Four Door
Certified 2018 Honda CR-V FWD EX,"9,821",Sport Utility,Gray,,City 27/Hwy 33/Comb 29 MPG,4-Cylinder Turbo,Gasoline,Continuously Variable Automatic,2 wheel drive - front,Four Door
Used 2002 Honda S2000,"60,637",Convertible,Silver / Black,Black,City 18/Hwy 24/Comb 20 MPG,4-Cylinder,Gasoline,6-Speed Manual,2 wheel drive - rear,Two Door
Used 2017 Honda Odyssey EX-L,"13,928",Van,Silver,Gray,City 19/Hwy 27/Comb 22 MPG,6-Cylinder,Gasoline,6-Speed Automatic,2 wheel drive - front,Four Door
Certified 2017 Honda Pilot FWD EX,833,Sport Utility,Gray,Gray,City 18/Hwy 26/Comb 21 MPG,6-Cylinder,Gasoline,6-Speed Automatic,2 wheel drive - front,Four Door
Used 2017 Honda Pilot FWD EX-L w/ RES,"28,096",Sport Utility,White,Black,City 18/Hwy 26/Comb 21 MPG,6-Cylinder,Gasoline,6-Speed Automatic,2 wheel drive - front,Four Door
Used 2017 Honda Pilot FWD EX-L,"16,635",Sport Utility,Black,Gray,City 18/Hwy 26/Comb 21 MPG,6-Cylinder,Gasoline,6-Speed Automatic,2 wheel drive - front,Four Door
Used 2017 Honda Odyssey EX-L,"18,054",Van,White,Gray,City 19/Hwy 27/Comb 22 MPG,6-Cylinder,Gasoline,6-Speed Automatic,2 wheel drive - front,Four Door
Used 2019 Honda CR-V AWD EX,5,Sport Utility,Lunar,,City 27/Hwy 33/Comb 29 MPG,4-Cylinder Turbo,Gasoline,Continuously Variable Automatic,All wheel drive,Four Door
Used 2019 Honda CR-V FWD EX,21,Sport Utility,Black,Black,City 27/Hwy 33/Comb 29 MPG,4-Cylinder Turbo,Gasoline,Continuously Variable Automatic,2 wheel drive - front,Four Door
Used 2016 Honda Odyssey EX-L,"49,543",Van,Gray,Gray,City 19/Hwy 28/Comb 22 MPG,6-Cylinder,Gasoline,6-Speed Automatic,2 wheel drive - front,Four Door
Used 2018 Honda Ridgeline 2WD RTL-T,"11,546",Truck,Lunar Silver Metallic,Black,City 18/Hwy 25/Comb 21 MPG,6-Cylinder,Gasoline,6-Speed Automatic,2 wheel drive - front,Four Door
Used 2018 Honda Pilot FWD EX-L,"14,963",Sport Utility,Gray,Gray,City 18/Hwy 26/Comb 21 MPG,6-Cylinder,Gasoline,6-Speed Automatic,2 wheel drive - front,Four Door
Used 2017 Honda Pilot FWD Touring,"27,774",Sport Utility,White,Black,City 19/Hwy 26/Comb 22 MPG,6-Cylinder,Gasoline,9-Speed Automatic,2 wheel drive - front,Four Door
Certified 2018 Honda Pilot FWD EX-L,"15,509",Sport Utility,Steel Sapphire Metallic,,City 18/Hwy 26/Comb 21 MPG,6-Cylinder,Gasoline,6-Speed Automatic,2 wheel drive - front,Four Door
Used 2018 Honda Odyssey EX-L,"12,943",Van,Maroon,Beige,City 19/Hwy 28/Comb 22 MPG,6-Cylinder,Gasoline,9-Speed Automatic,2 wheel drive - front,Four Door
Certified 2017 Honda Pilot 4WD Touring,"37,935",Sport Utility,,,City 19/Hwy 26/Comb 22 MPG,6-Cylinder,Gasoline,9-Speed Shiftable Automatic,4 wheel drive - front wheel default,Four Door
Used 2017 Honda Ridgeline AWD RTL-T,"10,111",Truck,White,Black,City 18/Hwy 25/Comb 21 MPG,6-Cylinder,Gasoline,6-Speed Automatic,All wheel drive,Four Door
Used 2019 Honda Odyssey EX-L,"10,649",Van,Gray,Gray,City 19/Hwy 28/Comb 22 MPG,6-Cylinder,Gasoline,9-Speed Automatic,2 wheel drive - front,Four Door
Used 2018 Honda Odyssey Touring,"17,826",Van,Gray,Black,City 19/Hwy 28/Comb 22 MPG,6-Cylinder,Gasoline,10-Speed Automatic,2 wheel drive - front,Four Door
Used 2004 Honda Civic LX Sedan,"186,546",Sedan,Gray,Gray,City 25/Hwy 34/Comb 29 MPG,4-Cylinder,Gasoline,Automatic,2 wheel drive - front,Four Door
Used 2001 Honda Accord EX Sedan,"195,908",Sedan,Black,Gray,City 18/Hwy 26/Comb 21 MPG,4-Cylinder,Gasoline,4-Speed Automatic,2 wheel drive - front,Four Door
Used 2003 Honda Accord EX V6 Sedan,"166,142",Sedan,Red,Gray,City 19/Hwy 27/Comb 22 MPG,6-Cylinder,Gasoline,5-Speed Automatic,2 wheel drive - front,Four Door
Used 2005 Honda Accord EX V6 Sedan,"178,877",Sedan,Silver,Black,City 19/Hwy 28/Comb 22 MPG,6-Cylinder,Gasoline,5-Speed Automatic,2 wheel drive - front,Four Door
Used 2008 Honda Civic EX Sedan,"157,064",Sedan,Blue,Gray,City 25/Hwy 36/Comb 29 MPG,4-Cylinder,Gasoline,Automatic,2 wheel drive - front,Four Door
Used 2003 Honda Odyssey EX-L,"121,852",Van,,,City 16/Hwy 23/Comb 19 MPG,6-Cylinder,Gasoline,5-Speed Automatic,2 wheel drive - front,Four Door
Used 2008 Honda Element 4WD EX,"120,638",Sport Utility,Atomic Blue Metallic,Gray/Black,City 19/Hwy 24/Comb 21 MPG,4-Cylinder,Gasoline,5-Speed Automatic,4 wheel drive,Two Door
Used 2009 Honda Accord EX Coupe,"100,000",Coupe,,,City 21/Hwy 30/Comb 24 MPG,4-Cylinder,Gasoline,5-Speed Automatic,2 wheel drive - front,Two Door
Used 2012 Honda Accord LX Sedan,"123,122",Sedan,Silver,Black,City 23/Hwy 34/Comb 27 MPG,4-Cylinder,Gasoline,5-Speed Automatic,2 wheel drive - front,Four Door
Used 2007 Honda Pilot EX-L w/ RES,"168,957",Sport Utility,Aberdeen Green Metallic,Saddle,City 15/Hwy 20/Comb 17 MPG,6-Cylinder,Gasoline,5-Speed Automatic,2 wheel drive - front,Four Door
Certified 2015 Honda Accord Sport Sedan,"44,198",Sedan,Champagne Frost Pearl,Black,City 26/Hwy 35/Comb 29 MPG,4-Cylinder,Gasoline,Continuously Variable Automatic,2 wheel drive - front,Four Door
Used 2010 Honda Fit Sport,"125,829",Hatchback,Blue Sensation Pearl,Black,City 27/Hwy 33/Comb 30 MPG,4-Cylinder,Gasoline,5-Speed Automatic,2 wheel drive - front,Four Door
Used 2011 Honda Fit Sport,"97,540",Hatchback,Taffeta White,Gray,City 27/Hwy 33/Comb 30 MPG,4-Cylinder,Gasoline,5-Speed Automatic,2 wheel drive - front,Four Door
Used 2011 Honda Fit Sport,"76,097",Hatchback,Vortex Blue Pearl,Black,City 27/Hwy 33/Comb 30 MPG,4-Cylinder,Gasoline,5-Speed Manual,2 wheel drive - front,Four Door
Used 2006 Honda Ridgeline RT,"136,000",Truck,Silver,Gray,City 15/Hwy 20/Comb 17 MPG,6-Cylinder,Gasoline,5-Speed Automatic,4 wheel drive,Four Door
Used 2008 Honda Odyssey EX-L,"116,025",Van,Gray,Gray,City 17/Hwy 25/Comb 20 MPG,6-Cylinder,Gasoline,5-Speed Automatic,2 wheel drive - front,Four Door
Used 2013 Honda Civic LX Sedan,"92,932",Sedan,Light Blue on gray int Automatic,Gray,City 28/Hwy 39/Comb 32 MPG,4-Cylinder,Gasoline,5-Speed Automatic,2 wheel drive - front,Four Door
Used 2011 Honda CR-V 4WD SE,"108,088",Sport Utility,Polished Metal Metallic,Black,City 21/Hwy 27/Comb 23 MPG,4-Cylinder,Gasoline,5-Speed Automatic,4 wheel drive - front wheel default,Four Door
Certified 2016 Honda Civic EX Sedan,"41,488",Sedan,Modern Steel Metallic,Black/Gray,City 31/Hwy 41/Comb 35 MPG,4-Cylinder,Gasoline,Continuously Variable Automatic,2 wheel drive - front,Four Door
Used 2015 Honda Civic LX Sedan,"67,125",Sedan,Charcoal,Gray,City 30/Hwy 39/Comb 33 MPG,4-Cylinder,Gasoline,Continuously Variable Automatic,2 wheel drive - front,Four Door
Used 2013 Honda CR-V EX-L,"113,828",Sport Utility,Blue,Gray,City 22/Hwy 30/Comb 25 MPG,4-Cylinder,Gasoline,5-Speed Automatic,2 wheel drive - front,Four Door
Used 2015 Honda Civic LX Sedan,"86,063",Sedan,Crystal Black Pearl,Black,City 30/Hwy 39/Comb 33 MPG,4-Cylinder,Gasoline,Continuously Variable Automatic,2 wheel drive - front,Four Door
Used 2015 Honda Civic LX Sedan,"75,881",Sedan,Alabaster Silver Metallic,Black,City 30/Hwy 39/Comb 33 MPG,4-Cylinder,Gasoline,Continuously Variable Automatic,2 wheel drive - front,Four Door
Used 2010 Honda Accord EX-L,"45,022",Sedan,Maroon,Tan,City 21/Hwy 31/Comb 25 MPG,6-Cylinder,Gasoline,5-Speed Automatic,2 wheel drive - front,Four Door
Used 2012 Honda Accord LX Sedan,"46,428",Sedan,Gray,Gray,City 23/Hwy 34/Comb 27 MPG,4-Cylinder,Gasoline,5-Speed Automatic,2 wheel drive - front,Four Door
Used 2010 Honda Odyssey EX-L,"123,829",Van,Gray,Gray,City 16/Hwy 23/Comb 18 MPG,6-Cylinder,Gasoline,5-Speed Automatic,2 wheel drive - front,Four Door
Used 2014 Honda Accord LX Sedan,"70,700",Sedan,Dark Red,Other,City 27/Hwy 36/Comb 30 MPG,4-Cylinder,Gasoline,Continuously Variable Automatic,2 wheel drive - front,Four Door
Used 2010 Honda Odyssey EX-L,"113,587",Van,Blue,Gray,City 16/Hwy 23/Comb 18 MPG,6-Cylinder,Gasoline,5-Speed Automatic,2 wheel drive - front,Four Door
Used 2014 Honda CR-V FWD EX,"93,953",Sport Utility,Metallic Silver on Black int Rear view camera,Black,City 22/Hwy 30/Comb 25 MPG,4-Cylinder,Gasoline,5-Speed Automatic,2 wheel drive - front,Four Door
Used 2013 Honda Accord EX-L w/ Navigation,"89,292",Coupe,San Marino Red,Black,City 26/Hwy 35/Comb 29 MPG,4-Cylinder,Gasoline,Continuously Variable Automatic,2 wheel drive - front,Two Door
Used 2015 Honda Civic EX-L Coupe,"55,665",Coupe,Modern Steel Metallic,Black,City 30/Hwy 39/Comb 33 MPG,4-Cylinder,Gasoline,Continuously Variable Automatic,2 wheel drive - front,Two Door
Used 2013 Honda Accord LX Sedan,"77,368",Sedan,Alabaster Silver Metallic,Black,City 27/Hwy 36/Comb 30 MPG,4-Cylinder,Gasoline,Continuously Variable Automatic,2 wheel drive - front,Four Door
Used 2013 Honda CR-V FWD LX,"23,001",Sport Utility,Silver,,City 22/Hwy 30/Comb 25 MPG,4-Cylinder,Gasoline,5-Speed Automatic,2 wheel drive - front,Four Door
Used 2011 Honda Odyssey Touring,"117,407",Van,Silver,Gray,City 19/Hwy 28/Comb 22 MPG,6-Cylinder,Gasoline,6-Speed Automatic,2 wheel drive - front,Four Door
Used 2017 Honda Civic LX-P Coupe,"23,857",Coupe,Taffeta White,,City 30/Hwy 39/Comb 34 MPG,4-Cylinder,Gasoline,Continuously Variable Automatic,2 wheel drive - front,Two Door
Used 2011 Honda Odyssey EX-L,"104,090",Van,Gray,Gray,City 18/Hwy 27/Comb 21 MPG,6-Cylinder,Gasoline,5-Speed Automatic,2 wheel drive - front,Four Door
Used 2017 Honda Civic LX Sedan,"54,645",Sedan,Cosmic Blue Metallic,,City 31/Hwy 40/Comb 34 MPG,4-Cylinder,Gasoline,Continuously Variable Automatic,2 wheel drive - front,Four Door
Used 2015 Honda Accord LX Sedan,"33,900",Sedan,Gold,Other,City 27/Hwy 36/Comb 31 MPG,4-Cylinder,Gasoline,Continuously Variable Automatic,2 wheel drive - front,Four Door
Used 2015 Honda Accord LX Sedan,"33,900",Sedan,Gold,Other,City 27/Hwy 36/Comb 31 MPG,4-Cylinder,Gasoline,Continuously Variable Automatic,2 wheel drive - front,Four Door
Used 2015 Honda Accord Sport Sedan,"81,131",Sedan,White Orchid Pearl,Black,City 26/Hwy 35/Comb 29 MPG,4-Cylinder,Gasoline,Continuously Variable Automatic,2 wheel drive - front,Four Door
Used 2017 Honda Fit LX,"19,438",Hatchback,Gray,Black,City 33/Hwy 40/Comb 36 MPG,4-Cylinder,Gasoline,6-Speed Manual,2 wheel drive - front,Four Door
Used 2016 Honda Civic LX Sedan,"45,517",Sedan,Modern Steel Metallic,,City 31/Hwy 41/Comb 35 MPG,4-Cylinder,Gasoline,Continuously Variable Automatic,2 wheel drive - front,Four Door
Used 2017 Honda Civic LX Sedan,"40,923",Sedan,White,Tan/Balck,City 31/Hwy 40/Comb 34 MPG,4-Cylinder,Gasoline,Continuously Variable Automatic,2 wheel drive - front,Four Door
Used 2016 Honda Fit EX,"33,197",Hatchback,Gray,Black,City 32/Hwy 38/Comb 35 MPG,4-Cylinder,Gasoline,6-Speed Manual,2 wheel drive - front,Four Door
Used 2017 Honda Civic LX-P Coupe,"31,019",Coupe,Aegean Blue Metallic,,City 30/Hwy 39/Comb 34 MPG,4-Cylinder,Gasoline,Continuously Variable Automatic,2 wheel drive - front,Two Door
Used 2016 Honda Fit EX,"32,870",Hatchback,Black,,City 32/Hwy 38/Comb 35 MPG,4-Cylinder,Gasoline,Continuously Variable Automatic,2 wheel drive - front,Four Door
Certified 2018 Honda CR-V FWD EX-L,"15,356",Sport Utility,Sandstorm Metallic,Ivory,City 27/Hwy 33/Comb 29 MPG,4-Cylinder Turbo,Gasoline,Continuously Variable Automatic,2 wheel drive - front,Four Door
Used 2013 Honda Civic Si Sedan,"55,919",Sedan,Black,Black,City 22/Hwy 31/Comb 25 MPG,4-Cylinder,Gasoline,6-Speed Manual,2 wheel drive - front,Four Door
Certified 2016 Honda Fit LX,"19,996",Hatchback,Aegean Blue Metallic,Black,City 33/Hwy 41/Comb 36 MPG,4-Cylinder,Gasoline,Continuously Variable Automatic,2 wheel drive - front,Four Door
Used 2017 Honda Accord LX Sedan,"34,465",Sedan,Black,Black,City 27/Hwy 36/Comb 30 MPG,4-Cylinder,Gasoline,Continuously Variable Automatic,2 wheel drive - front,Four Door
Used 2017 Honda Civic LX-P Coupe,"23,857",Coupe,Taffeta White,,City 30/Hwy 39/Comb 34 MPG,4-Cylinder,Gasoline,Continuously Variable Automatic,2 wheel drive - front,Two Door
Used 2017 Honda Civic EX Hatchback,"68,628",Hatchback,Black,Black,City 31/Hwy 40/Comb 34 MPG,4-Cylinder Turbo,Gasoline,Continuously Variable Automatic,2 wheel drive - front,Four Door
Used 2017 Honda Civic LX Sedan,"44,942",Sedan,Gray,Other,City 31/Hwy 40/Comb 34 MPG,4-Cylinder,Gasoline,Continuously Variable Automatic,2 wheel drive - front,Four Door
Used 2011 Honda Pilot EX,"71,682",Sport Utility,Mocha Metallic,Beige,City 16/Hwy 22/Comb 18 MPG,6-Cylinder,Gasoline,5-Speed Automatic,2 wheel drive - front,Four Door
Used 2016 Honda CR-V FWD LX,"35,963",Sport Utility,Crystal Black Pearl,Gray,City 25/Hwy 31/Comb 27 MPG,4-Cylinder,Gasoline,Continuously Variable Automatic,2 wheel drive - front,Four Door
Certified 2017 Honda Accord LX Sedan,"44,993",Sedan,White Orchid Pearl,Ivory,City 27/Hwy 36/Comb 30 MPG,4-Cylinder,Gasoline,Continuously Variable Automatic,2 wheel drive - front,Four Door
Used 2016 Honda CR-V FWD SE,"49,386",Sport Utility,Gray,Beige,City 25/Hwy 31/Comb 27 MPG,4-Cylinder,Gasoline,Continuously Variable Automatic,2 wheel drive - front,Four Door
Used 2015 Honda Accord Sport Sedan,"54,003",Sedan,Alabaster Silver,Black,City 26/Hwy 35/Comb 29 MPG,4-Cylinder,Gasoline,Continuously Variable Automatic,2 wheel drive - front,Four Door
Used 2017 Honda Accord LX Sedan,"22,460",Sedan,Lunar Silver Metallic,Black,City 27/Hwy 36/Comb 30 MPG,4-Cylinder,Gasoline,Continuously Variable Automatic,2 wheel drive - front,Four Door
Used 2017 Honda HR-V FWD EX,"35,896",Sport Utility,White Orchid Pearl,,City 27/Hwy 31/Comb 29 MPG,4-Cylinder,Gasoline,Continuously Variable Automatic,2 wheel drive - front,Four Door
Used 2016 Honda CR-V FWD LX,"29,550",Sport Utility,Crystal Black Pearl,,City 25/Hwy 31/Comb 27 MPG,4-Cylinder,Gasoline,Continuously Variable Automatic,2 wheel drive - front,Four Door
Used 2016 Honda CR-V FWD LX,"27,705",Sport Utility,Crystal Black Pearl,Black,City 25/Hwy 31/Comb 27 MPG,4-Cylinder,Gasoline,Continuously Variable Automatic,2 wheel drive - front,Four Door
Used 2015 Honda Odyssey Touring Elite,"66,788",Van,Maroon,Tan,City 19/Hwy 28/Comb 22 MPG,6-Cylinder,Gasoline,6-Speed Automatic,2 wheel drive - front,Four Door
Used 2017 Honda Accord Sport Sedan,"52,537",Sedan,Black,Black,City 26/Hwy 34/Comb 29 MPG,4-Cylinder,Gasoline,Continuously Variable Automatic,2 wheel drive - front,Four Door
Used 2015 Honda Civic SE Sedan,"47,504",Sedan,Gray,Black W/Cloth Seat Trim,City 30/Hwy 39/Comb 33 MPG,4-Cylinder,Gasoline,Continuously Variable Automatic,2 wheel drive - front,Four Door
Used 2014 Honda CR-V AWD EX,"57,962",Sport Utility,Burgundy,Gray,City 22/Hwy 30/Comb 25 MPG,4-Cylinder,Gasoline,5-Speed Automatic,All wheel drive,Four Door
Used 2007 Honda CR-V EX-L,"108,764",Sport Utility,Blue,Gone,City 19/Hwy 26/Comb 22 MPG,4-Cylinder,Gasoline,5-Speed Automatic,2 wheel drive - front,Four Door
Used 2017 Honda Civic EX Sedan,"32,228",Sedan,Aegean Blue Metallic,Black,City 31/Hwy 40/Comb 34 MPG,4-Cylinder,Gasoline,Continuously Variable Automatic,2 wheel drive - front,Four Door
Used 2017 Honda Civic EX Sedan,"38,301",Sedan,Modern Steel Metallic,Gray,City 31/Hwy 40/Comb 34 MPG,4-Cylinder,Gasoline,Continuously Variable Automatic,2 wheel drive - front,Four Door
Certified 2017 Honda Civic LX Sedan,"16,715",Sedan,Modern Steel Metallic,Black/Gray,City 31/Hwy 40/Comb 34 MPG,4-Cylinder,Gasoline,Continuously Variable Automatic,2 wheel drive - front,Four Door
Certified 2018 Honda Civic LX-P Coupe,"14,726",Coupe,Gray,Other,City 30/Hwy 39/Comb 34 MPG,4-Cylinder,Gasoline,Continuously Variable Automatic,2 wheel drive - front,Two Door
Used 2017 Honda HR-V FWD EX,"57,985",Sport Utility,Mulberry Metallic,Black,City 27/Hwy 31/Comb 29 MPG,4-Cylinder,Gasoline,Continuously Variable Automatic,2 wheel drive - front,Four Door
Used 2016 Honda CR-V AWD EX,"49,890",Sport Utility,Gray,Gray,City 25/Hwy 31/Comb 27 MPG,4-Cylinder,Gasoline,Continuously Variable Automatic,All wheel drive,Four Door
Certified 2017 Honda Accord LX Sedan,"23,602",Sedan,Lunar Silver Metallic,,City 27/Hwy 36/Comb 30 MPG,4-Cylinder,Gasoline,Continuously Variable Automatic,2 wheel drive - front,Four Door
Used 2015 Honda Accord LX Sedan,"33,900",Sedan,Gold,Other,City 27/Hwy 36/Comb 31 MPG,4-Cylinder,Gasoline,Continuously Variable Automatic,2 wheel drive - front,Four Door
Used 2015 Honda Crosstour EX-L,"55,276",Hatchback,White Diamond Pearl,Ivory,City 19/Hwy 28/Comb 22 MPG,4-Cylinder,Gasoline,5-Speed Automatic,2 wheel drive - front,Four Door
Certified 2016 Honda CR-V FWD SE,"32,358",Sport Utility,Silver,Other,City 25/Hwy 31/Comb 27 MPG,4-Cylinder,Gasoline,Continuously Variable Automatic,2 wheel drive - front,Four Door
Used 2015 Honda Crosstour EX-L,"73,667",Hatchback,White,Other,City 19/Hwy 28/Comb 22 MPG,4-Cylinder,Gasoline,5-Speed Automatic,2 wheel drive - front,Four Door
Used 2018 Honda Civic LX Sedan,"21,099",Sedan,Silver,Other,City 31/Hwy 40/Comb 34 MPG,4-Cylinder,Gasoline,Continuously Variable Automatic,2 wheel drive - front,Four Door
Used 2017 Honda Accord EX-L Sedan,"44,681",Sedan,Gray,Black,City 27/Hwy 36/Comb 30 MPG,4-Cylinder,Gasoline,Continuously Variable Automatic,2 wheel drive - front,Four Door
Used 2016 Honda Civic EX Sedan,"31,357",Sedan,Black,Black,City 31/Hwy 41/Comb 35 MPG,4-Cylinder,Gasoline,Continuously Variable Automatic,2 wheel drive - front,Four Door
Used 2014 Honda Odyssey LX,"44,689",Van,White,Tan,City 19/Hwy 28/Comb 22 MPG,6-Cylinder,Gasoline,6-Speed Automatic,2 wheel drive - front,Four Door
Used 2016 Honda Accord LX-S Coupe,"32,602",Coupe,White,Gray,City 26/Hwy 35/Comb 30 MPG,4-Cylinder,Gasoline,Continuously Variable Automatic,2 wheel drive - front,Two Door
Used 2016 Honda Civic EX-T Sedan,"30,185",Sedan,Black,Tan,35 MPG Combined,4-Cylinder Turbo,Gasoline,Continuously Variable Automatic,2 wheel drive - front,Four Door
Used 2016 Honda CR-V FWD EX-L,"35,385",Sport Utility,Silver,,City 25/Hwy 31/Comb 27 MPG,4-Cylinder,Gasoline,Continuously Variable Automatic,2 wheel drive - front,Four Door
Used 2017 Honda Accord Sport Sedan,"41,485",Sedan,White Orchid Pearl,,City 26/Hwy 34/Comb 29 MPG,4-Cylinder,Gasoline,Continuously Variable Automatic,2 wheel drive - front,Four Door
Used 2017 Honda Accord LX Sedan,"29,937",Sedan,Basque Red Pearl Ii,,City 27/Hwy 36/Comb 30 MPG,4-Cylinder,Gasoline,Continuously Variable Automatic,2 wheel drive - front,Four Door
Certified 2017 Honda Accord LX Sedan,"25,168",Sedan,Crystal Black Pearl,Black,City 27/Hwy 36/Comb 30 MPG,4-Cylinder,Gasoline,Continuously Variable Automatic,2 wheel drive - front,Four Door
Used 2017 Honda Civic EX Hatchback,"26,613",Hatchback,Black,Black,City 31/Hwy 40/Comb 34 MPG,4-Cylinder Turbo,Gasoline,Continuously Variable Automatic,2 wheel drive - front,Four Door
Certified 2016 Honda Civic LX Sedan,"11,494",Sedan,Taffeta White,,City 31/Hwy 41/Comb 35 MPG,4-Cylinder,Gasoline,Continuously Variable Automatic,2 wheel drive - front,Four Door
Used 2015 Honda Accord Sport Sedan,"53,198",Sedan,White Orchid Pearl,Black,City 26/Hwy 35/Comb 29 MPG,4-Cylinder,Gasoline,Continuously Variable Automatic,2 wheel drive - front,Four Door
Used 2017 Honda Accord Sport Sedan,"39,950",Sedan,Crystal Black Pearl,,City 26/Hwy 34/Comb 29 MPG,4-Cylinder,Gasoline,Continuously Variable Automatic,2 wheel drive - front,Four Door
Certified 2017 Honda Accord LX Sedan,"32,602",Sedan,Blue,Other,City 27/Hwy 36/Comb 30 MPG,4-Cylinder,Gasoline,Continuously Variable Automatic,2 wheel drive - front,Four Door
Certified 2017 Honda Accord LX Sedan,"30,551",Sedan,Silver,Other,City 27/Hwy 36/Comb 30 MPG,4-Cylinder,Gasoline,Continuously Variable Automatic,2 wheel drive - front,Four Door
Certified 2019 Honda Civic Sport Hatchback,"6,237",Hatchback,White Orchid Pearl,Black,City 30/Hwy 36/Comb 32 MPG,4-Cylinder Turbo,Gasoline,Continuously Variable Automatic,2 wheel drive - front,Four Door
Used 2016 Honda HR-V AWD EX-L,"53,805",Sport Utility,Mulberry Metallic,,City 27/Hwy 32/Comb 29 MPG,4-Cylinder,Gasoline,Continuously Variable Automatic,All wheel drive,Four Door
Used 2017 Honda Accord LX Sedan,"22,172",Sedan,Basque Red Pearl Ii,,City 27/Hwy 36/Comb 30 MPG,4-Cylinder,Gasoline,Continuously Variable Automatic,2 wheel drive - front,Four Door
Used 2016 Honda CR-V AWD EX,"37,716",Sport Utility,White Diamond Pearl,Beige,City 25/Hwy 31/Comb 27 MPG,4-Cylinder,Gasoline,Continuously Variable Automatic,All wheel drive,Four Door
Used 2016 Honda Accord Sport Sedan,"21,796",Sedan,Blue,Black,City 26/Hwy 35/Comb 30 MPG,4-Cylinder,Gasoline,Continuously Variable Automatic,2 wheel drive - front,Four Door
Used 2017 Honda Civic EX-T Sedan,"10,608",Sedan,Blue,Black,City 32/Hwy 42/Comb 36 MPG,4-Cylinder Turbo,Gasoline,6-Speed Manual,2 wheel drive - front,Four Door
Used 2017 Honda HR-V FWD LX,"22,950",Sport Utility,Crystal Black Pearl,Gray,City 28/Hwy 34/Comb 31 MPG,4-Cylinder,Gasoline,Continuously Variable Automatic,2 wheel drive - front,Four Door
Used 2017 Honda Accord EX-L Sedan,"50,277",Sedan,White Orchid Pearl,,City 27/Hwy 36/Comb 30 MPG,4-Cylinder,Gasoline,Continuously Variable Automatic,2 wheel drive - front,Four Door
Used 2018 Honda Pilot 4WD Touring,"13,660",Sport Utility,White Diamond Pearl,,City 19/Hwy 26/Comb 22 MPG,6-Cylinder,Gasoline,9-Speed Automatic,All wheel drive,Four Door
Certified 2017 Honda Civic LX Hatchback,"16,256",Hatchback,Rallye Red,Black/Gray,City 31/Hwy 40/Comb 34 MPG,4-Cylinder Turbo,Gasoline,Continuously Variable Automatic,2 wheel drive - front,Four Door
Used 2016 Honda CR-V FWD EX,"36,223",Sport Utility,Modern Steel,Gray,City 25/Hwy 31/Comb 27 MPG,4-Cylinder,Gasoline,Continuously Variable Automatic,2 wheel drive - front,Four Door
Used 2018 Honda Civic EX-T Sedan,"28,812",Sedan,Gray,Black,City 32/Hwy 42/Comb 36 MPG,4-Cylinder Turbo,Gasoline,Continuously Variable Automatic,2 wheel drive - front,Four Door
Used 2013 Honda Civic Si Sedan,"70,125",Sedan,White,Black W/Cloth Seat Trim,City 22/Hwy 31/Comb 25 MPG,4-Cylinder,Gasoline,6-Speed Manual,2 wheel drive - front,Four Door
Certified 2017 Honda Accord LX Sedan,"17,892",Sedan,White,Ivory,City 27/Hwy 36/Comb 30 MPG,4-Cylinder,Gasoline,Continuously Variable Automatic,2 wheel drive - front,Four Door
Used 2015 Honda CR-V FWD EX-L,"50,203",Sport Utility,Copper Sunset Pearl,Gray,City 26/Hwy 33/Comb 28 MPG,4-Cylinder,Gasoline,Continuously Variable Automatic,2 wheel drive - front,Four Door
Used 2016 Honda Civic Touring Sedan,"25,700",Sedan,Gray,Gray,35 MPG Combined,4-Cylinder Turbo,Gasoline,Continuously Variable Automatic,2 wheel drive - front,Four Door
Used 2017 Honda HR-V FWD EX,"31,031",Sport Utility,Silver,Gray,City 27/Hwy 31/Comb 29 MPG,4-Cylinder,Gasoline,Continuously Variable Automatic,2 wheel drive - front,Four Door
Used 2017 Honda HR-V FWD EX-L,"20,488",Sport Utility,Crystal Black Pearl,Black,City 27/Hwy 31/Comb 29 MPG,4-Cylinder,Gasoline,Continuously Variable Automatic,2 wheel drive - front,Four Door
Certified 2017 Honda Accord Sport Sedan,"39,732",Sedan,Lunar Silver Metallic,Black,City 26/Hwy 34/Comb 29 MPG,4-Cylinder,Gasoline,Continuously Variable Automatic,2 wheel drive - front,Four Door
Used 2017 Honda Accord Touring Hybrid Sedan,"60,562",Sedan,White,Black,Gas - City 49/Hwy 47/Comb 48 MPG,4-Cylinder,Hybrid Gas/Electric,Continuously Variable Automatic,2 wheel drive - front,Four Door
Used 2016 Honda Accord EX-L Sedan,"32,871",Sedan,Silver,,City 27/Hwy 37/Comb 31 MPG,4-Cylinder,Gasoline,Continuously Variable Automatic,2 wheel drive - front,Four Door
Used 2018 Honda HR-V AWD LX,"22,779",Sport Utility,Gray,Other,City 28/Hwy 34/Comb 31 MPG,4-Cylinder,Gasoline,Continuously Variable Automatic,All wheel drive,Four Door
Used 2016 Honda CR-V AWD EX,"32,551",Sport Utility,Blue,Gray,City 25/Hwy 31/Comb 27 MPG,4-Cylinder,Gasoline,Continuously Variable Automatic,All wheel drive,Four Door
Used 2016 Honda Accord EX-L Sedan,"26,147",Sedan,White,Tan,City 27/Hwy 37/Comb 31 MPG,4-Cylinder,Gasoline,Continuously Variable Automatic,2 wheel drive - front,Four Door
Used 2010 Honda Civic LX,"130,198",Sedan,Atomic Blue Metallic,Black,City 25/Hwy 36/Comb 29 MPG,4-Cylinder,Gasoline,5-Speed Automatic,2 wheel drive - front,Four Door
Used 2018 Honda HR-V AWD EX,"25,290",Sport Utility,Silver,Gray,City 27/Hwy 31/Comb 29 MPG,4-Cylinder,Gasoline,Continuously Variable Automatic,All wheel drive,Four Door
Used 2016 Honda CR-V AWD EX,"33,603",Sport Utility,Urban,,City 25/Hwy 31/Comb 27 MPG,4-Cylinder,Gasoline,Continuously Variable Automatic,All wheel drive,Four Door
Used 2016 Honda CR-V AWD EX,"34,439",Sport Utility,White,,City 25/Hwy 31/Comb 27 MPG,4-Cylinder,Gasoline,Continuously Variable Automatic,All wheel drive,Four Door
Used 2016 Honda Accord EX Sedan,"46,801",Sedan,Black,Black,City 27/Hwy 37/Comb 31 MPG,4-Cylinder,Gasoline,Continuously Variable Automatic,2 wheel drive - front,Four Door
Used 2016 Honda Odyssey LX,"31,259",Van,Gray,Gray,City 19/Hwy 28/Comb 22 MPG,6-Cylinder,Gasoline,6-Speed Automatic,2 wheel drive - front,Four Door
Used 2017 Honda Accord Sport Sedan,"15,360",Sedan,White,Black,City 26/Hwy 34/Comb 29 MPG,4-Cylinder,Gasoline,Continuously Variable Automatic,2 wheel drive - front,Four Door
Used 2017 Honda Civic Sport Hatchback,"16,127",Hatchback,White,Black,City 30/Hwy 36/Comb 32 MPG,4-Cylinder Turbo,Gasoline,Continuously Variable Automatic,2 wheel drive - front,Four Door
Certified 2017 Honda Accord Sport Sedan,"29,563",Sedan,White,,City 26/Hwy 34/Comb 29 MPG,4-Cylinder,Gasoline,Continuously Variable Automatic,2 wheel drive - front,Four Door
Used 2018 Honda Civic Si Sedan,"13,738",Sedan,Gray,Black,City 28/Hwy 38/Comb 32 MPG,4-Cylinder Turbo,Gasoline,6-Speed Manual,2 wheel drive - front,Four Door
Used 2015 Honda Accord EX-L Sedan,"3,790",Sedan,Red,Tan,City 27/Hwy 36/Comb 31 MPG,4-Cylinder,Gasoline,Continuously Variable Automatic,2 wheel drive - front,Four Door
Used 2017 Honda Civic Sport Hatchback,"20,528",Hatchback,White,Tan,City 30/Hwy 36/Comb 32 MPG,4-Cylinder Turbo,Gasoline,Continuously Variable Automatic,2 wheel drive - front,Four Door
Used 2018 Honda Civic Si Coupe,"30,951",Coupe,White Orchid Pearl,,City 28/Hwy 38/Comb 32 MPG,4-Cylinder,Gasoline,6-Speed Manual,2 wheel drive - front,Two Door
Used 2019 Honda Civic Sport Sedan,471,Sedan,Aegean Blue Metallic,Black,City 30/Hwy 38/Comb 33 MPG,4-Cylinder,Gasoline,Continuously Variable Automatic,2 wheel drive - front,Four Door
Used 2019 Honda HR-V AWD LX,"14,829",Sport Utility,Modern Steel,Black,City 28/Hwy 34/Comb 30 MPG,4-Cylinder,Gasoline,Continuously Variable Automatic,All wheel drive,Four Door
Used 2017 Honda Civic Touring Coupe,"18,589",Coupe,Blue,Gray,,4-Cylinder Turbo,Gasoline,Continuously Variable Automatic,2 wheel drive - front,Two Door
Used 2015 Honda Odyssey EX-L,"61,400",Van,White Diamond Pearl,Truffle,City 19/Hwy 28/Comb 22 MPG,6-Cylinder,Gasoline,6-Speed Automatic,2 wheel drive - front,Four Door
Used 2018 Honda Accord 1.5T LX,"8,994",Sedan,Tan,Tan,City 30/Hwy 38/Comb 33 MPG,4-Cylinder Turbo,Gasoline,Continuously Variable Automatic,2 wheel drive - front,Four Door
Certified 2018 Honda Civic Si Sedan,"32,658",Sedan,White,Other,City 28/Hwy 38/Comb 32 MPG,4-Cylinder Turbo,Gasoline,6-Speed Manual,2 wheel drive - front,Four Door
Used 2016 Honda Odyssey EX-L,"45,605",Van,White,Gray,City 19/Hwy 28/Comb 22 MPG,6-Cylinder,Gasoline,6-Speed Automatic,2 wheel drive - front,Four Door
Used 2016 Honda Odyssey EX-L,"43,700",Van,Black,Black,City 19/Hwy 28/Comb 22 MPG,6-Cylinder,Gasoline,6-Speed Automatic,2 wheel drive - front,Four Door
Used 2015 Honda Odyssey EX-L,"46,799",Van,Gray,Gray,City 19/Hwy 28/Comb 22 MPG,6-Cylinder,Gasoline,6-Speed Automatic,2 wheel drive - front,Four Door
Used 2019 Honda Civic Touring Coupe,938,Coupe,Rallye Red,,City 31/Hwy 40/Comb 35 MPG,4-Cylinder Turbo,Gasoline,Continuously Variable Automatic,2 wheel drive - front,Two Door
Used 2018 Honda Accord 1.5T Sport,"5,593",Sedan,Still Night Pearl,Gray,City 29/Hwy 35/Comb 31 MPG,4-Cylinder Turbo,Gasoline,Continuously Variable Automatic,2 wheel drive - front,Four Door
Used 2016 Honda Pilot FWD EX-L,"67,297",Sport Utility,Black,Gray,City 18/Hwy 26/Comb 21 MPG,6-Cylinder,Gasoline,6-Speed Automatic,2 wheel drive - front,Four Door
Used 2017 Honda Civic EX-L Sedan,"21,739",Sedan,Cosmic Blue Metallic,,,4-Cylinder Turbo,Gasoline,Continuously Variable Automatic,2 wheel drive - front,Four Door
